Data_0 = [0 10 2938;
0 20 2935;
0 30 3027;
0 40 3165;
0 50 3196;
0 60 3225;
0 70 3253;
0 80 3305;
0 90 3326;
0 100 3347;
0 110 3367;
0 120 3284;
0 130 3241;
0 140 3100;
0 150 2945;
0 160 2880;
0 170 2790;
0 180 2655;
0 190 2482;
0 200 2358;
0 210 2298;
0 220 2209;
0 230 2080;
0 240 1992;
0 250 1919;
0 260 1919;
0 270 1980;
0 280 2063;
0 290 2206;
0 300 2313;
0 310 2409;
0 320 2509;
0 330 2635;
0 340 2775;
0 350 2910;
10 350 2376;
10 340 2439;
10 330 2521;
10 320 2612;
10 310 2541;
10 300 2543;
10 290 2444;
10 280 2334;
10 270 2246;
10 260 2160;
10 250 2048;
10 240 1966;
10 230 1941;
10 220 1982;
10 210 2073;
10 200 2182;
10 190 2321;
10 180 2488;
10 170 2589;
10 160 2704;
10 150 2723;
10 140 2846;
10 130 2915;
10 120 2975;
10 110 2984;
10 100 2960;
10 90 2931;
10 80 2890;
10 70 2824;
10 60 2792;
10 50 2842;
10 40 2841;
10 30 2748;
10 20 2546;
10 10 2521;
10 0 2374;
20 0 2484;
20 10 2407;
20 20 2277;
20 30 2154;
20 40 2161;
20 50 2213;
20 60 2236;
20 70 2316;
20 80 2480;
20 90 2556;
20 100 2605;
20 110 2585;
20 120 2500;
20 130 2464;
20 140 2344;
20 150 2285;
20 160 2264;
20 170 2193;
20 180 2148;
20 190 2085;
20 200 2085;
20 210 2223;
20 220 2311;
20 230 2416;
20 240 2557;
20 250 2615;
20 260 2824;
20 270 2851;
20 280 2831;
20 290 2832;
20 300 2743;
20 310 2703;
20 320 2625;
20 330 2553;
20 340 2542;
20 350 2549;
30 350 2000;
30 340 2056;
30 330 2137;
30 320 2185;
30 310 2261;
30 300 2323;
30 290 2463;
30 280 2475;
30 270 2545;
30 260 2620;
30 250 2699;
30 240 2797;
30 230 2838;
30 220 2797;
30 210 2721;
30 200 2625;
30 190 2491;
30 180 2377;
30 170 2293;
30 160 2277;
30 150 2249;
30 140 2236;
30 130 2178;
30 120 2127;
30 110 2078;
30 100 2002;
30 90 1948;
30 80 1984;
30 70 1981;
30 60 2037;
30 50 2078;
30 40 2050;
30 30 1953;
30 20 1900;
30 10 1881;
30 0 1863;
40 0 1415;
40 10 1378;
40 20 1355;
40 30 1389;
40 40 1506;
40 50 1612;
40 60 1550;
40 70 1648;
40 80 1768;
40 90 1909;
40 100 2010;
40 110 2174;
40 120 2258;
40 130 2368;
40 140 2383;
40 150 2499;
40 160 2528;
40 170 2580;
40 180 2682;
40 190 2716;
40 200 2737;
40 210 2709;
40 220 2644;
40 230 2515;
40 240 2438;
40 250 2382;
40 260 2299;
40 270 2272;
40 280 2134;
40 290 2079;
40 300 1918;
40 310 1816;
40 320 1674;
40 330 1562;
40 340 1487;
40 350 1447;
50 350 1005;
50 340 1049;
50 330 1091;
50 320 1147;
50 310 1247;
50 300 1346;
50 290 1472;
50 280 1555;
50 270 1692;
50 260 1757;
50 250 1849;
50 240 1945;
50 230 2018;
50 220 2080;
50 210 2119;
50 200 2165;
50 190 2209;
50 180 2213;
50 170 2135;
50 160 2102;
50 150 2002;
50 140 1920;
50 130 1880;
50 120 1747;
50 110 1609;
50 100 1505;
50 90 1409;
50 80 1304;
50 70 1174;
50 60 1087;
50 50 1062;
50 40 1026;
50 30 995;
50 20 973;
50 10 952;
50 0 962;
-10 350 3025;
-10 340 2877;
-10 330 2753;
-10 320 2667;
-10 310 2493;
-10 300 2359;
-10 290 2239;
-10 280 2146;
-10 270 2074;
-10 260 2025;
-10 250 2025;
-10 240 2052;
-10 230 2130;
-10 220 2184;
-10 210 2269;
-10 200 2307;
-10 190 2404;
-10 180 2557;
-10 170 2634;
-10 160 2782;
-10 150 2879;
-10 140 2985;
-10 130 3077;
-10 120 3106;
-10 110 3128;
-10 100 3189;
-10 90 3233;
-10 80 3271;
-10 70 3332;
-10 60 3429;
-10 50 3437;
-10 40 3368;
-10 30 3346;
-10 20 3229;
-10 10 3205;
-10 0 3134;
-20 0 3154;
-20 10 3247;
-20 20 3381;
-20 30 3393;
-20 40 3399;
-20 50 3312;
-20 60 3248;
-20 70 3215;
-20 80 3105;
-20 90 3027;
-20 100 2926;
-20 110 2810;
-20 120 2716;
-20 130 2650;
-20 140 2519;
-20 150 2473;
-20 160 2407;
-20 170 2326;
-20 180 2232;
-20 190 2144;
-20 200 2127;
-20 210 2022;
-20 220 2006;
-20 230 1971;
-20 240 1966;
-20 250 1993;
-20 260 1992;
-20 270 2035;
-20 280 2130;
-20 290 2221;
-20 300 2370;
-20 310 2541;
-20 320 2723;
-20 330 2874;
-20 340 2990;
-20 350 3073;
-30 350 2841;
-30 340 2730;
-30 330 2571;
-30 320 2396;
-30 310 2297;
-30 300 2162;
-30 290 2037;
-30 280 1925;
-30 270 1790;
-30 260 1723;
-30 250 1689;
-30 240 1630;
-30 230 1617;
-30 220 1609;
-30 210 1625;
-30 200 1648;
-30 190 1687;
-30 180 1754;
-30 170 1823;
-30 160 1858;
-30 150 1968;
-30 140 2061;
-30 130 2122;
-30 120 2264;
-30 110 2373;
-30 100 2465;
-30 90 2634;
-30 80 2753;
-30 70 2881;
-30 60 2949;
-30 50 3072;
-30 40 3088;
-30 30 3074;
-30 20 3050;
-30 10 3015;
-30 0 2966;
-40 0 2500;
-40 10 2610;
-40 20 2688;
-40 30 2724;
-40 40 2639;
-40 50 2580;
-40 60 2518;
-40 70 2411;
-40 80 2265;
-40 90 2143;
-40 100 2020;
-40 110 1891;
-40 120 1786;
-40 130 1662;
-40 140 1552;
-40 150 1463;
-40 160 1392;
-40 170 1329;
-40 180 1272;
-40 190 1227;
-40 200 1194;
-40 210 1178;
-40 220 1192;
-40 230 1185;
-40 240 1217;
-40 250 1287;
-40 260 1323;
-40 270 1389;
-40 280 1471;
-40 290 1556;
-40 300 1671;
-40 310 1791;
-40 320 1943;
-40 330 2112;
-40 340 2258;
-40 350 2381;
-50 350 1884;
-50 340 1781;
-50 330 1657;
-50 320 1495;
-50 310 1373;
-50 300 1261;
-50 290 1181;
-50 280 1090;
-50 270 1016;
-50 260 978;
-50 250 931;
-50 240 893;
-50 230 864;
-50 220 842;
-50 210 831;
-50 200 825;
-50 190 851;
-50 180 881;
-50 170 905;
-50 160 964;
-50 150 1020;
-50 140 1106;
-50 130 1172;
-50 120 1263;
-50 110 1368;
-50 100 1489;
-50 90 1614;
-50 80 1708;
-50 70 1826;
-50 60 1924;
-50 50 2014;
-50 40 2069;
-50 30 2076;
-50 20 2086;
-50 10 1991;
-50 0 1922;
]

Data_1 = [0 10 2727;
0 20 2705;
0 30 2701;
0 40 2704;
0 50 2742;
0 60 2676;
0 70 2724;
0 80 2728;
0 90 2734;
0 100 2732;
0 110 2735;
0 120 2772;
0 130 2699;
0 140 2694;
0 150 2579;
0 160 2563;
0 170 2496;
0 180 2436;
0 190 2363;
0 200 2357;
0 210 2340;
0 220 2249;
0 230 2146;
0 240 2121;
0 250 2067;
0 260 2028;
0 270 2152;
0 280 2254;
0 290 2354;
0 300 2465;
0 310 2533;
0 320 2558;
0 330 2645;
0 340 2702;
0 350 2796;
10 350 2602;
10 340 2827;
10 330 2958;
10 320 3000;
10 310 2977;
10 300 2866;
10 290 2778;
10 280 2588;
10 270 2427;
10 260 2266;
10 250 2075;
10 240 1889;
10 230 1808;
10 220 1789;
10 210 1828;
10 200 1915;
10 190 1941;
10 180 2042;
10 170 2089;
10 160 2074;
10 150 2134;
10 140 2181;
10 130 2255;
10 120 2334;
10 110 2373;
10 100 2396;
10 90 2438;
10 80 2472;
10 70 2499;
10 60 2524;
10 50 2634;
10 40 2781;
10 30 2730;
10 20 2690;
10 10 2669;
10 0 2653;
20 0 3178;
20 10 3036;
20 20 2735;
20 30 2512;
20 40 2354;
20 50 2307;
20 60 2227;
20 70 2172;
20 80 2162;
20 90 2099;
20 100 2015;
20 110 1940;
20 120 1795;
20 130 1723;
20 140 1635;
20 150 1583;
20 160 1534;
20 170 1543;
20 180 1526;
20 190 1531;
20 200 1581;
20 210 1682;
20 220 1850;
20 230 2051;
20 240 2256;
20 250 2507;
20 260 2786;
20 270 3051;
20 280 3107;
20 290 3287;
20 300 3362;
20 310 3349;
20 320 3350;
20 330 3279;
20 340 3232;
20 350 3215;
30 350 2848;
30 340 2966;
30 330 3078;
30 320 3031;
30 310 3067;
30 300 3018;
30 290 2939;
30 280 2838;
30 270 2698;
30 260 2606;
30 250 2507;
30 240 2399;
30 230 2256;
30 220 2063;
30 210 1866;
30 200 1675;
30 190 1553;
30 180 1440;
30 170 1390;
30 160 1326;
30 150 1323;
30 140 1351;
30 130 1406;
30 120 1452;
30 110 1464;
30 100 1514;
30 90 1606;
30 80 1809;
30 70 1965;
30 60 2230;
30 50 2399;
30 40 2513;
30 30 2553;
30 20 2606;
30 10 2599;
30 0 2726;
40 0 2322;
40 10 2238;
40 20 2072;
40 30 1992;
40 40 1939;
40 50 1976;
40 60 1801;
40 70 1702;
40 80 1674;
40 90 1618;
40 100 1532;
40 110 1449;
40 120 1403;
40 130 1324;
40 140 1301;
40 150 1285;
40 160 1308;
40 170 1330;
40 180 1368;
40 190 1484;
40 200 1566;
40 210 1655;
40 220 1733;
40 230 1858;
40 240 1938;
40 250 2071;
40 260 2159;
40 270 2339;
40 280 2458;
40 290 2553;
40 300 2632;
40 310 2654;
40 320 2594;
40 330 2512;
40 340 2454;
40 350 2396;
50 350 1844;
50 340 1841;
50 330 1844;
50 320 1893;
50 310 1917;
50 300 1882;
50 290 1875;
50 280 1803;
50 270 1742;
50 260 1654;
50 250 1553;
50 240 1456;
50 230 1362;
50 220 1270;
50 210 1212;
50 200 1149;
50 190 1078;
50 180 1023;
50 170 986;
50 160 945;
50 150 947;
50 140 940;
50 130 966;
50 120 1020;
50 110 1047;
50 100 1082;
50 90 1143;
50 80 1195;
50 70 1234;
50 60 1298;
50 50 1352;
50 40 1463;
50 30 1558;
50 20 1601;
50 10 1696;
50 0 1725;
-10 350 2580;
-10 340 2516;
-10 330 2447;
-10 320 2441;
-10 310 2377;
-10 300 2283;
-10 290 2306;
-10 280 2275;
-10 270 2273;
-10 260 2269;
-10 250 2305;
-10 240 2347;
-10 230 2394;
-10 220 2489;
-10 210 2534;
-10 200 2612;
-10 190 2698;
-10 180 2752;
-10 170 2842;
-10 160 2830;
-10 150 2917;
-10 140 2852;
-10 130 2820;
-10 120 2787;
-10 110 2791;
-10 100 2760;
-10 90 2732;
-10 80 2709;
-10 70 2713;
-10 60 2675;
-10 50 2647;
-10 40 2604;
-10 30 2617;
-10 20 2556;
-10 10 2531;
-10 0 2570;
-20 0 2251;
-20 10 2274;
-20 20 2280;
-20 30 2296;
-20 40 2338;
-20 50 2383;
-20 60 2413;
-20 70 2396;
-20 80 2478;
-20 90 2484;
-20 100 2506;
-20 110 2583;
-20 120 2601;
-20 130 2680;
-20 140 2694;
-20 150 2711;
-20 160 2762;
-20 170 2805;
-20 180 2827;
-20 190 2791;
-20 200 2689;
-20 210 2657;
-20 220 2540;
-20 230 2443;
-20 240 2379;
-20 250 2328;
-20 260 2298;
-20 270 2244;
-20 280 2183;
-20 290 2208;
-20 300 2195;
-20 310 2204;
-20 320 2223;
-20 330 2211;
-20 340 2190;
-20 350 2187;
-30 350 1747;
-30 340 1728;
-30 330 1745;
-30 320 1779;
-30 310 1793;
-30 300 1872;
-30 290 1884;
-30 280 1953;
-30 270 2013;
-30 260 2053;
-30 250 2096;
-30 240 2182;
-30 230 2280;
-30 220 2342;
-30 210 2390;
-30 200 2439;
-30 190 2445;
-30 180 2429;
-30 170 2452;
-30 160 2463;
-30 150 2406;
-30 140 2403;
-30 130 2337;
-30 120 2282;
-30 110 2248;
-30 100 2231;
-30 90 2147;
-30 80 2109;
-30 70 2043;
-30 60 1999;
-30 50 1949;
-30 40 1926;
-30 30 1887;
-30 20 1837;
-30 10 1764;
-30 0 1750;
-40 0 1327;
-40 10 1322;
-40 20 1364;
-40 30 1419;
-40 40 1504;
-40 50 1551;
-40 60 1613;
-40 70 1658;
-40 80 1733;
-40 90 1790;
-40 100 1830;
-40 110 1885;
-40 120 1896;
-40 130 1932;
-40 140 1946;
-40 150 1944;
-40 160 1967;
-40 170 1975;
-40 180 1987;
-40 190 1982;
-40 200 1967;
-40 210 1883;
-40 220 1862;
-40 230 1799;
-40 240 1731;
-40 250 1653;
-40 260 1597;
-40 270 1518;
-40 280 1451;
-40 290 1422;
-40 300 1368;
-40 310 1325;
-40 320 1296;
-40 330 1262;
-40 340 1244;
-40 350 1243;
-50 350 911;
-50 340 897;
-50 330 892;
-50 320 920;
-50 310 939;
-50 300 948;
-50 290 1005;
-50 280 1062;
-50 270 1092;
-50 260 1138;
-50 250 1186;
-50 240 1248;
-50 230 1301;
-50 220 1346;
-50 210 1388;
-50 200 1436;
-50 190 1435;
-50 180 1461;
-50 170 1469;
-50 160 1472;
-50 150 1477;
-50 140 1448;
-50 130 1443;
-50 120 1429;
-50 110 1402;
-50 100 1355;
-50 90 1304;
-50 80 1294;
-50 70 1240;
-50 60 1198;
-50 50 1115;
-50 40 1085;
-50 30 1010;
-50 20 985;
-50 10 943;
-50 0 913;
]

Data_2 = [0 10 2370;
0 20 2263;
0 30 2282;
0 40 2252;
0 50 2219;
0 60 2171;
0 70 2115;
0 80 2068;
0 90 2019;
0 100 1975;
0 110 1924;
0 120 1899;
0 130 1815;
0 140 1766;
0 150 1702;
0 160 1646;
0 170 1621;
0 180 1585;
0 190 1530;
0 200 1482;
0 210 1489;
0 220 1489;
0 230 1452;
0 240 1440;
0 250 1447;
0 260 1469;
0 270 1567;
0 280 1677;
0 290 1824;
0 300 1952;
0 310 2057;
0 320 2175;
0 330 2251;
0 340 2348;
0 350 2393;
10 350 2199;
10 340 2233;
10 330 2314;
10 320 2209;
10 310 2158;
10 300 1986;
10 290 1851;
10 280 1698;
10 270 1535;
10 260 1403;
10 250 1264;
10 240 1159;
10 230 1100;
10 220 1094;
10 210 1111;
10 200 1142;
10 190 1206;
10 180 1261;
10 170 1353;
10 160 1377;
10 150 1479;
10 140 1577;
10 130 1687;
10 120 1804;
10 110 1898;
10 100 1988;
10 90 2084;
10 80 2150;
10 70 2227;
10 60 2324;
10 50 2490;
10 40 2584;
10 30 2450;
10 20 2406;
10 10 2328;
10 0 2258;
20 0 2698;
20 10 2703;
20 20 2606;
20 30 2442;
20 40 2413;
20 50 2334;
20 60 2298;
20 70 2246;
20 80 2225;
20 90 2179;
20 100 1993;
20 110 1823;
20 120 1657;
20 130 1464;
20 140 1312;
20 150 1185;
20 160 1097;
20 170 1018;
20 180 958;
20 190 913;
20 200 902;
20 210 956;
20 220 1014;
20 230 1088;
20 240 1189;
20 250 1314;
20 260 1503;
20 270 1656;
20 280 1771;
20 290 1970;
20 300 2046;
20 310 2169;
20 320 2252;
20 330 2355;
20 340 2474;
20 350 2617;
30 350 2303;
30 340 2191;
30 330 2039;
30 320 1913;
30 310 1756;
30 300 1646;
30 290 1488;
30 280 1363;
30 270 1268;
30 260 1191;
30 250 1130;
30 240 1079;
30 230 1034;
30 220 988;
30 210 947;
30 200 937;
30 190 915;
30 180 925;
30 170 947;
30 160 1024;
30 150 1123;
30 140 1247;
30 130 1361;
30 120 1493;
30 110 1653;
30 100 1801;
30 90 1977;
30 80 2172;
30 70 2418;
30 60 2620;
30 50 2811;
30 40 2752;
30 30 2652;
30 20 2540;
30 10 2449;
30 0 2311;
40 0 2000;
40 10 2077;
40 20 2161;
40 30 2197;
40 40 2352;
40 50 2395;
40 60 2366;
40 70 2367;
40 80 2292;
40 90 2210;
40 100 2072;
40 110 1880;
40 120 1702;
40 130 1475;
40 140 1316;
40 150 1165;
40 160 1033;
40 170 935;
40 180 883;
40 190 831;
40 200 805;
40 210 785;
40 220 776;
40 230 768;
40 240 792;
40 250 823;
40 260 881;
40 270 950;
40 280 1058;
40 290 1137;
40 300 1249;
40 310 1382;
40 320 1479;
40 330 1580;
40 340 1689;
40 350 1838;
50 350 1367;
50 340 1250;
50 330 1126;
50 320 1009;
50 310 929;
50 300 851;
50 290 761;
50 280 709;
50 270 641;
50 260 599;
50 250 564;
50 240 547;
50 230 537;
50 220 549;
50 210 547;
50 200 567;
50 190 604;
50 180 648;
50 170 716;
50 160 785;
50 150 893;
50 140 1025;
50 130 1156;
50 120 1329;
50 110 1490;
50 100 1665;
50 90 1808;
50 80 1888;
50 70 1884;
50 60 1883;
50 50 1940;
50 40 1901;
50 30 1822;
50 20 1725;
50 10 1617;
50 0 1491;
-10 350 2176;
-10 340 2165;
-10 330 2207;
-10 320 2155;
-10 310 2162;
-10 300 2056;
-10 290 2020;
-10 280 1963;
-10 270 1911;
-10 260 1868;
-10 250 1850;
-10 240 1842;
-10 230 1865;
-10 220 1848;
-10 210 1848;
-10 200 1791;
-10 190 1784;
-10 180 1773;
-10 170 1799;
-10 160 1764;
-10 150 1765;
-10 140 1745;
-10 130 1729;
-10 120 1662;
-10 110 1668;
-10 100 1669;
-10 90 1689;
-10 80 1710;
-10 70 1764;
-10 60 1854;
-10 50 1899;
-10 40 1929;
-10 30 1967;
-10 20 2048;
-10 10 2089;
-10 0 2142;
-20 0 1867;
-20 10 1778;
-20 20 1726;
-20 30 1634;
-20 40 1563;
-20 50 1471;
-20 60 1418;
-20 70 1394;
-20 80 1354;
-20 90 1346;
-20 100 1344;
-20 110 1354;
-20 120 1401;
-20 130 1420;
-20 140 1501;
-20 150 1564;
-20 160 1656;
-20 170 1736;
-20 180 1810;
-20 190 1873;
-20 200 1988;
-20 210 2009;
-20 220 2072;
-20 230 2130;
-20 240 2184;
-20 250 2176;
-20 260 2242;
-20 270 2271;
-20 280 2224;
-20 290 2274;
-20 300 2248;
-20 310 2248;
-20 320 2231;
-20 330 2193;
-20 340 2087;
-20 350 1979;
-30 350 1614;
-30 340 1745;
-30 330 1836;
-30 320 1978;
-30 310 2094;
-30 300 2201;
-30 290 2286;
-30 280 2287;
-30 270 2300;
-30 260 2307;
-30 250 2274;
-30 240 2214;
-30 230 2151;
-30 220 2068;
-30 210 1972;
-30 200 1842;
-30 190 1726;
-30 180 1620;
-30 170 1486;
-30 160 1406;
-30 150 1290;
-30 140 1203;
-30 130 1155;
-30 120 1098;
-30 110 1048;
-30 100 1012;
-30 90 1016;
-30 80 1019;
-30 70 1036;
-30 60 1065;
-30 50 1102;
-30 40 1137;
-30 30 1202;
-30 20 1302;
-30 10 1385;
-30 0 1470;
-40 0 1135;
-40 10 1012;
-40 20 953;
-40 30 890;
-40 40 817;
-40 50 776;
-40 60 743;
-40 70 737;
-40 80 719;
-40 90 724;
-40 100 743;
-40 110 766;
-40 120 817;
-40 130 859;
-40 140 926;
-40 150 1002;
-40 160 1099;
-40 170 1204;
-40 180 1308;
-40 190 1422;
-40 200 1542;
-40 210 1684;
-40 220 1778;
-40 230 1917;
-40 240 2002;
-40 250 2026;
-40 260 2065;
-40 270 2079;
-40 280 2030;
-40 290 1925;
-40 300 1823;
-40 310 1708;
-40 320 1578;
-40 330 1463;
-40 340 1334;
-40 350 1213;
-50 350 883;
-50 340 974;
-50 330 1082;
-50 320 1178;
-50 310 1301;
-50 300 1413;
-50 290 1493;
-50 280 1578;
-50 270 1643;
-50 260 1661;
-50 250 1642;
-50 240 1591;
-50 230 1507;
-50 220 1412;
-50 210 1279;
-50 200 1193;
-50 190 1068;
-50 180 962;
-50 170 887;
-50 160 800;
-50 150 726;
-50 140 672;
-50 130 615;
-50 120 579;
-50 110 546;
-50 100 535;
-50 90 524;
-50 80 510;
-50 70 514;
-50 60 531;
-50 50 540;
-50 40 566;
-50 30 599;
-50 20 634;
-50 10 692;
-50 0 775;
]

Data_3 = [0 10 2482;
0 20 2523;
0 30 2556;
0 40 2646;
0 50 2603;
0 60 2632;
0 70 2550;
0 80 2559;
0 90 2507;
0 100 2449;
0 110 2402;
0 120 2275;
0 130 2209;
0 140 2054;
0 150 1942;
0 160 1870;
0 170 1763;
0 180 1668;
0 190 1571;
0 200 1538;
0 210 1505;
0 220 1436;
0 230 1396;
0 240 1340;
0 250 1328;
0 260 1374;
0 270 1422;
0 280 1564;
0 290 1694;
0 300 1839;
0 310 1963;
0 320 2093;
0 330 2202;
0 340 2318;
0 350 2466;
10 350 1914;
10 340 1920;
10 330 1941;
10 320 1900;
10 310 1816;
10 300 1740;
10 290 1632;
10 280 1508;
10 270 1415;
10 260 1338;
10 250 1236;
10 240 1166;
10 230 1150;
10 220 1172;
10 210 1249;
10 200 1357;
10 190 1475;
10 180 1577;
10 170 1719;
10 160 1844;
10 150 1934;
10 140 2099;
10 130 2249;
10 120 2404;
10 110 2501;
10 100 2546;
10 90 2594;
10 80 2609;
10 70 2604;
10 60 2577;
10 50 2607;
10 40 2638;
10 30 2471;
10 20 2273;
10 10 2199;
10 0 2011;
20 0 2121;
20 10 2162;
20 20 2133;
20 30 2142;
20 40 2172;
20 50 2279;
20 60 2347;
20 70 2457;
20 80 2578;
20 90 2626;
20 100 2583;
20 110 2440;
20 120 2324;
20 130 2127;
20 140 1959;
20 150 1819;
20 160 1675;
20 170 1563;
20 180 1439;
20 190 1335;
20 200 1278;
20 210 1252;
20 220 1261;
20 230 1302;
20 240 1351;
20 250 1363;
20 260 1499;
20 270 1516;
20 280 1570;
20 290 1616;
20 300 1663;
20 310 1686;
20 320 1744;
20 330 1787;
20 340 1842;
20 350 1951;
30 350 1499;
30 340 1430;
30 330 1364;
30 320 1321;
30 310 1248;
30 300 1222;
30 290 1213;
30 280 1202;
30 270 1192;
30 260 1229;
30 250 1277;
30 240 1339;
30 230 1402;
30 220 1438;
30 210 1474;
30 200 1488;
30 190 1542;
30 180 1598;
30 170 1701;
30 160 1788;
30 150 1895;
30 140 2032;
30 130 2176;
30 120 2266;
30 110 2275;
30 100 2300;
30 90 2316;
30 80 2395;
30 70 2446;
30 60 2400;
30 50 2433;
30 40 2219;
30 30 2050;
30 20 1859;
30 10 1678;
30 0 1591;
40 0 1161;
40 10 1246;
40 20 1368;
40 30 1497;
40 40 1774;
40 50 1917;
40 60 2100;
40 70 2236;
40 80 2494;
40 90 2678;
40 100 2698;
40 110 2794;
40 120 2691;
40 130 2617;
40 140 2433;
40 150 2294;
40 160 2146;
40 170 1969;
40 180 1772;
40 190 1671;
40 200 1517;
40 210 1374;
40 220 1228;
40 230 1135;
40 240 1033;
40 250 965;
40 260 940;
40 270 911;
40 280 892;
40 290 894;
40 300 900;
40 310 913;
40 320 922;
40 330 947;
40 340 996;
40 350 1059;
50 350 732;
50 340 666;
50 330 617;
50 320 605;
50 310 582;
50 300 592;
50 290 586;
50 280 607;
50 270 625;
50 260 662;
50 250 701;
50 240 762;
50 230 837;
50 220 924;
50 210 1048;
50 200 1183;
50 190 1316;
50 180 1476;
50 170 1632;
50 160 1825;
50 150 1931;
50 140 2080;
50 130 2214;
50 120 2311;
50 110 2307;
50 100 2217;
50 90 2120;
50 80 1969;
50 70 1780;
50 60 1585;
50 50 1407;
50 40 1267;
50 30 1128;
50 20 1005;
50 10 874;
50 0 796;
-10 350 2665;
-10 340 2589;
-10 330 2488;
-10 320 2370;
-10 310 2269;
-10 300 2137;
-10 290 1969;
-10 280 1894;
-10 270 1803;
-10 260 1719;
-10 250 1673;
-10 240 1627;
-10 230 1589;
-10 220 1591;
-10 210 1571;
-10 200 1579;
-10 190 1609;
-10 180 1628;
-10 170 1656;
-10 160 1728;
-10 150 1744;
-10 140 1825;
-10 130 1832;
-10 120 1894;
-10 110 1968;
-10 100 2036;
-10 90 2116;
-10 80 2196;
-10 70 2304;
-10 60 2368;
-10 50 2444;
-10 40 2487;
-10 30 2544;
-10 20 2600;
-10 10 2663;
-10 0 2625;
-20 0 2751;
-20 10 2683;
-20 20 2561;
-20 30 2433;
-20 40 2315;
-20 50 2189;
-20 60 2044;
-20 70 1881;
-20 80 1801;
-20 90 1678;
-20 100 1606;
-20 110 1493;
-20 120 1468;
-20 130 1401;
-20 140 1383;
-20 150 1354;
-20 160 1367;
-20 170 1393;
-20 180 1426;
-20 190 1459;
-20 200 1471;
-20 210 1532;
-20 220 1595;
-20 230 1648;
-20 240 1720;
-20 250 1844;
-20 260 1933;
-20 270 2068;
-20 280 2195;
-20 290 2309;
-20 300 2490;
-20 310 2623;
-20 320 2758;
-20 330 2769;
-20 340 2773;
-20 350 2749;
-30 350 2638;
-30 340 2664;
-30 330 2724;
-30 320 2671;
-30 310 2693;
-30 300 2562;
-30 290 2492;
-30 280 2283;
-30 270 2149;
-30 260 1965;
-30 250 1824;
-30 240 1685;
-30 230 1552;
-30 220 1437;
-30 210 1321;
-30 200 1227;
-30 190 1145;
-30 180 1077;
-30 170 1054;
-30 160 1014;
-30 150 1020;
-30 140 1010;
-30 130 1033;
-30 120 1055;
-30 110 1112;
-30 100 1191;
-30 90 1262;
-30 80 1366;
-30 70 1476;
-30 60 1640;
-30 50 1778;
-30 40 1968;
-30 30 2128;
-30 20 2248;
-30 10 2436;
-30 0 2540;
-40 0 2189;
-40 10 2070;
-40 20 1872;
-40 30 1718;
-40 40 1582;
-40 50 1408;
-40 60 1270;
-40 70 1121;
-40 80 1028;
-40 90 935;
-40 100 860;
-40 110 807;
-40 120 762;
-40 130 738;
-40 140 716;
-40 150 706;
-40 160 719;
-40 170 747;
-40 180 791;
-40 190 846;
-40 200 923;
-40 210 1010;
-40 220 1106;
-40 230 1222;
-40 240 1378;
-40 250 1542;
-40 260 1702;
-40 270 1845;
-40 280 2005;
-40 290 2199;
-40 300 2314;
-40 310 2392;
-40 320 2418;
-40 330 2394;
-40 340 2331;
-40 350 2257;
-50 350 1846;
-50 340 1904;
-50 330 1936;
-50 320 1983;
-50 310 1917;
-50 300 1873;
-50 290 1743;
-50 280 1610;
-50 270 1497;
-50 260 1333;
-50 250 1186;
-50 240 1042;
-50 230 918;
-50 220 813;
-50 210 733;
-50 200 655;
-50 190 608;
-50 180 562;
-50 170 530;
-50 160 521;
-50 150 516;
-50 140 509;
-50 130 523;
-50 120 537;
-50 110 562;
-50 100 596;
-50 90 641;
-50 80 724;
-50 70 802;
-50 60 889;
-50 50 1021;
-50 40 1133;
-50 30 1289;
-50 20 1416;
-50 10 1583;
-50 0 1692;
]

