Data_0 = [0 0 1804;
0 10 1685;
10 10 1584;
20 10 1354;
30 10 1086;
40 10 847;
50 10 1779;
-10 0 1632;
-20 0 1505;
-30 0 1224;
-40 0 895;
-50 0 1795;
0 20 1708;
10 20 1534;
20 20 1304;
30 20 1067;
40 20 834;
50 20 1807;
-10 0 1733;
-20 0 1584;
-30 0 1328;
-40 0 1007;
-50 0 1755;
0 30 1673;
10 30 1520;
20 30 1343;
30 30 1139;
40 30 846;
50 30 1755;
-10 0 1639;
-20 0 1458;
-30 0 1216;
-40 0 874;
-50 0 1748;
0 40 1621;
10 40 1509;
20 40 1300;
30 40 1061;
40 40 840;
50 40 1705;
-10 0 1677;
-20 0 1473;
-30 0 1237;
-40 0 842;
-50 0 1719;
0 50 1663;
10 50 1514;
20 50 1342;
30 50 1064;
40 50 838;
50 50 1697;
-10 0 1573;
-20 0 1387;
-30 0 1169;
-40 0 807;
-50 0 1692;
0 60 1622;
10 60 1496;
20 60 1311;
30 60 1075;
40 60 854;
50 60 1672;
-10 0 1548;
-20 0 1354;
-30 0 1105;
-40 0 761;
-50 0 1642;
0 70 1630;
10 70 1518;
20 70 1335;
30 70 1113;
40 70 882;
50 70 1619;
-10 0 1501;
-20 0 1296;
-30 0 1041;
-40 0 716;
-50 0 1648;
0 80 1616;
10 80 1482;
20 80 1328;
30 80 1112;
40 80 891;
50 80 1548;
-10 0 1442;
-20 0 1229;
-30 0 1005;
-40 0 690;
-50 0 1576;
0 90 1564;
10 90 1479;
20 90 1332;
30 90 1161;
40 90 947;
50 90 1503;
-10 0 1360;
-20 0 1174;
-30 0 918;
-40 0 618;
-50 0 1644;
0 -10 1761;
10 -10 1649;
20 -10 1439;
30 -10 1182;
40 -10 933;
50 -10 1701;
-10 0 1621;
-20 0 1435;
-30 0 1157;
-40 0 858;
-50 0 1723;
0 -20 1694;
10 -20 1607;
20 -20 1442;
30 -20 1201;
40 -20 991;
50 -20 1742;
-10 0 1562;
-20 0 1362;
-30 0 1117;
-40 0 841;
-50 0 1735;
0 -30 1710;
10 -30 1603;
20 -30 1460;
30 -30 1270;
40 -30 1037;
50 -30 1642;
-10 0 1506;
-20 0 1310;
-30 0 1054;
-40 0 754;
-50 0 1680;
0 -40 1693;
10 -40 1633;
20 -40 1503;
30 -40 1331;
40 -40 1096;
50 -40 1598;
-10 0 1441;
-20 0 1237;
-30 0 1004;
-40 0 724;
-50 0 1668;
0 -50 1724;
10 -50 1673;
20 -50 1563;
30 -50 1363;
40 -50 1141;
50 -50 1549;
-10 0 1365;
-20 0 1145;
-30 0 920;
-40 0 683;
-50 0 1622;
0 -60 1673;
10 -60 1737;
20 -60 109;
30 -60 1467;
40 -60 1238;
50 -60 1494;
-10 0 1275;
-20 0 1060;
-30 0 834;
-40 0 566;
-50 0 1560;
0 -70 1657;
10 -70 1666;
20 -70 1607;
30 -70 1457;
40 -70 1276;
50 -70 1406;
-10 0 1200;
-20 0 981;
-30 0 753;
-40 0 541;
-50 0 1518;
0 -80 1654;
10 -80 1663;
20 -80 1624;
30 -80 1518;
40 -80 1345;
50 -80 1362;
-10 0 1155;
-20 0 894;
-30 0 685;
-40 0 474;
-50 0 1474;
0 -90 1620;
10 -90 1681;
20 -90 1687;
30 -90 1569;
40 -90 1406;
50 -90 1308;
-10 0 1105;
-20 0 863;
-30 0 651;
-40 0 457;
]

Data_1 = [0 0 1418;
0 10 1576;
10 10 1627;
20 10 1601;
30 10 1495;
40 10 1319;
50 10 1217;
-10 0 1015;
-20 0 805;
-30 0 602;
-40 0 410;
-50 0 1433;
0 20 1588;
10 20 1640;
20 20 1570;
30 20 1477;
40 20 1308;
50 20 1290;
-10 0 1163;
-20 0 961;
-30 0 731;
-40 0 517;
-50 0 1444;
0 30 1582;
10 30 1606;
20 30 1580;
30 30 1497;
40 30 1268;
50 30 1287;
-10 0 1085;
-20 0 871;
-30 0 643;
-40 0 443;
-50 0 1482;
0 40 1545;
10 40 1569;
20 40 1538;
30 40 1379;
40 40 1203;
50 40 1304;
-10 0 1143;
-20 0 907;
-30 0 727;
-40 0 464;
-50 0 1488;
0 50 1561;
10 50 1571;
20 50 1489;
30 50 1325;
40 50 1168;
50 50 1352;
-10 0 1169;
-20 0 943;
-30 0 742;
-40 0 516;
-50 0 1508;
0 60 1584;
10 60 1561;
20 60 1442;
30 60 1317;
40 60 1111;
50 60 1390;
-10 0 1215;
-20 0 1016;
-30 0 769;
-40 0 531;
-50 0 1516;
0 70 1581;
10 70 1541;
20 70 1450;
30 70 1278;
40 70 1060;
50 70 1417;
-10 0 1273;
-20 0 1052;
-30 0 809;
-40 0 547;
-50 0 1565;
0 80 1610;
10 80 1531;
20 80 1397;
30 80 1211;
40 80 1008;
50 80 1470;
-10 0 1320;
-20 0 1115;
-30 0 859;
-40 0 582;
-50 0 1561;
0 90 1554;
10 90 1512;
20 90 1355;
30 90 1159;
40 90 965;
50 90 1511;
-10 0 1335;
-20 0 1127;
-30 0 903;
-40 0 591;
-50 0 1517;
0 -10 1402;
10 -10 1558;
20 -10 1618;
30 -10 1529;
40 -10 1401;
50 -10 1149;
-10 0 953;
-20 0 733;
-30 0 540;
-40 0 377;
-50 0 1358;
0 -20 1487;
10 -20 1590;
20 -20 1633;
30 -20 1561;
40 -20 1450;
50 -20 1174;
-10 0 949;
-20 0 736;
-30 0 552;
-40 0 408;
-50 0 1337;
0 -30 1481;
10 -30 1580;
20 -30 1594;
30 -30 1570;
40 -30 1429;
50 -30 1143;
-10 0 903;
-20 0 691;
-30 0 529;
-40 0 372;
-50 0 1335;
0 -40 1509;
10 -40 1586;
20 -40 1604;
30 -40 1551;
40 -40 1403;
50 -40 1146;
-10 0 915;
-20 0 698;
-30 0 526;
-40 0 370;
-50 0 1367;
0 -50 1527;
10 -50 1576;
20 -50 1601;
30 -50 1517;
40 -50 1392;
50 -50 1125;
-10 0 906;
-20 0 702;
-30 0 516;
-40 0 372;
-50 0 1338;
0 -60 1466;
10 -60 1606;
20 -60 101;
30 -60 1517;
40 -60 1395;
50 -60 1158;
-10 0 898;
-20 0 701;
-30 0 520;
-40 0 337;
-50 0 1295;
0 -70 1425;
10 -70 1553;
20 -70 1522;
30 -70 1473;
40 -70 1351;
50 -70 1116;
-10 0 894;
-20 0 700;
-30 0 522;
-40 0 363;
-50 0 1310;
0 -80 1466;
10 -80 1516;
20 -80 1522;
30 -80 1450;
40 -80 1301;
50 -80 1149;
-10 0 933;
-20 0 718;
-30 0 527;
-40 0 371;
-50 0 1323;
0 -90 1442;
10 -90 1467;
20 -90 1466;
30 -90 1391;
40 -90 1234;
50 -90 1174;
-10 0 967;
-20 0 758;
-30 0 572;
-40 0 401;
]

Data_2 = [0 0 980;
0 10 1068;
10 10 1176;
20 10 1180;
30 10 1129;
40 10 1036;
50 10 817;
-10 0 643;
-20 0 498;
-30 0 377;
-40 0 256;
-50 0 948;
0 20 1076;
10 20 1174;
20 20 1191;
30 20 1170;
40 20 1100;
50 20 842;
-10 0 703;
-20 0 562;
-30 0 421;
-40 0 308;
-50 0 921;
0 30 1068;
10 30 1180;
20 30 1252;
30 30 1295;
40 30 1170;
50 30 747;
-10 0 589;
-20 0 441;
-30 0 319;
-40 0 218;
-50 0 913;
0 40 1067;
10 40 1192;
20 40 1263;
30 40 1273;
40 40 1210;
50 40 745;
-10 0 581;
-20 0 443;
-30 0 334;
-40 0 197;
-50 0 936;
0 50 1084;
10 50 1223;
20 50 1304;
30 50 1294;
40 50 1224;
50 50 739;
-10 0 564;
-20 0 424;
-30 0 305;
-40 0 214;
-50 0 939;
0 60 1092;
10 60 1229;
20 60 1292;
30 60 1322;
40 60 1252;
50 60 758;
-10 0 567;
-20 0 430;
-30 0 309;
-40 0 212;
-50 0 933;
0 70 1108;
10 70 1255;
20 70 1310;
30 70 1316;
40 70 1274;
50 70 763;
-10 0 588;
-20 0 444;
-30 0 313;
-40 0 212;
-50 0 1003;
0 80 1146;
10 80 1283;
20 80 1308;
30 80 1289;
40 80 1227;
50 80 781;
-10 0 621;
-20 0 459;
-30 0 334;
-40 0 225;
-50 0 974;
0 90 1116;
10 90 1226;
20 90 1309;
30 90 1279;
40 90 1219;
50 90 805;
-10 0 636;
-20 0 481;
-30 0 338;
-40 0 230;
-50 0 931;
0 -10 1001;
10 -10 1091;
20 -10 1093;
30 -10 1021;
40 -10 896;
50 -10 860;
-10 0 713;
-20 0 582;
-30 0 436;
-40 0 316;
-50 0 1000;
0 -20 1065;
10 -20 1078;
20 -20 1051;
30 -20 964;
40 -20 854;
50 -20 913;
-10 0 782;
-20 0 625;
-30 0 485;
-40 0 359;
-50 0 1061;
0 -30 1088;
10 -30 1080;
20 -30 1006;
30 -30 923;
40 -30 789;
50 -30 968;
-10 0 818;
-20 0 691;
-30 0 530;
-40 0 380;
-50 0 1070;
0 -40 1093;
10 -40 1079;
20 -40 991;
30 -40 883;
40 -40 740;
50 -40 1006;
-10 0 881;
-20 0 744;
-30 0 575;
-40 0 417;
-50 0 1117;
0 -50 1140;
10 -50 1050;
20 -50 974;
30 -50 816;
40 -50 681;
50 -50 1043;
-10 0 932;
-20 0 805;
-30 0 642;
-40 0 478;
-50 0 1132;
0 -60 1124;
10 -60 1063;
20 -60 67;
30 -60 801;
40 -60 635;
50 -60 1119;
-10 0 1001;
-20 0 850;
-30 0 687;
-40 0 496;
-50 0 1157;
0 -70 1118;
10 -70 1029;
20 -70 889;
30 -70 755;
40 -70 585;
50 -70 1131;
-10 0 1055;
-20 0 930;
-30 0 755;
-40 0 557;
-50 0 1184;
0 -80 1127;
10 -80 1030;
20 -80 878;
30 -80 723;
40 -80 555;
50 -80 1206;
-10 0 1109;
-20 0 977;
-30 0 811;
-40 0 584;
-50 0 1206;
0 -90 1137;
10 -90 1015;
20 -90 865;
30 -90 708;
40 -90 524;
50 -90 1253;
-10 0 1178;
-20 0 1064;
-30 0 882;
-40 0 643;
]

Data_3 = [0 0 1224;
0 10 1189;
10 10 1093;
20 10 953;
30 10 795;
40 10 636;
50 10 1189;
-10 0 1112;
-20 0 983;
-30 0 806;
-40 0 577;
-50 0 1176;
0 20 1170;
10 20 1116;
20 20 993;
30 20 857;
40 20 692;
50 20 1162;
-10 0 1102;
-20 0 988;
-30 0 812;
-40 0 606;
-50 0 1138;
0 30 1181;
10 30 1139;
20 30 1053;
30 30 1008;
40 30 749;
50 30 1054;
-10 0 942;
-20 0 807;
-30 0 630;
-40 0 450;
-50 0 1091;
0 40 1125;
10 40 1118;
20 40 1053;
30 40 961;
40 40 812;
50 40 1006;
-10 0 910;
-20 0 744;
-30 0 627;
-40 0 400;
-50 0 1093;
0 50 1151;
10 50 1158;
20 50 1125;
30 50 995;
40 50 884;
50 50 956;
-10 0 818;
-20 0 663;
-30 0 510;
-40 0 355;
-50 0 1025;
0 60 1121;
10 60 1164;
20 60 1153;
30 60 1072;
40 60 971;
50 60 916;
-10 0 759;
-20 0 612;
-30 0 448;
-40 0 313;
-50 0 1011;
0 70 1121;
10 70 1191;
20 70 1226;
30 70 1176;
40 70 1060;
50 70 858;
-10 0 714;
-20 0 564;
-30 0 414;
-40 0 281;
-50 0 1020;
0 80 1147;
10 80 1224;
20 80 1249;
30 80 1216;
40 80 1124;
50 80 840;
-10 0 683;
-20 0 533;
-30 0 390;
-40 0 276;
-50 0 965;
0 90 1099;
10 90 1234;
20 90 1272;
30 90 1269;
40 90 1206;
50 90 801;
-10 0 649;
-20 0 486;
-30 0 361;
-40 0 247;
-50 0 1014;
0 -10 1274;
10 -10 1150;
20 -10 959;
30 -10 756;
40 -10 562;
50 -10 1309;
-10 0 1261;
-20 0 1132;
-30 0 961;
-40 0 707;
-50 0 1336;
0 -20 1215;
10 -20 1086;
20 -20 907;
30 -20 726;
40 -20 549;
50 -20 1390;
-10 0 1320;
-20 0 1223;
-30 0 1040;
-40 0 792;
-50 0 1353;
0 -30 1235;
10 -30 1093;
20 -30 907;
30 -30 729;
40 -30 537;
50 -30 1413;
-10 0 1386;
-20 0 1261;
-30 0 1079;
-40 0 808;
-50 0 1365;
0 -40 1280;
10 -40 1093;
20 -40 915;
30 -40 730;
40 -40 522;
50 -40 1438;
-10 0 1420;
-20 0 1310;
-30 0 1112;
-40 0 838;
-50 0 1429;
0 -50 1295;
10 -50 1120;
20 -50 927;
30 -50 712;
40 -50 525;
50 -50 1437;
-10 0 1427;
-20 0 1309;
-30 0 1135;
-40 0 862;
-50 0 1424;
0 -60 1292;
10 -60 1161;
20 -60 69;
30 -60 748;
40 -60 546;
50 -60 1452;
-10 0 1413;
-20 0 1308;
-30 0 1117;
-40 0 805;
-50 0 1403;
0 -70 1262;
10 -70 1148;
20 -70 942;
30 -70 743;
40 -70 564;
50 -70 1429;
-10 0 1368;
-20 0 1281;
-30 0 1077;
-40 0 814;
-50 0 1381;
0 -80 1285;
10 -80 1139;
20 -80 979;
30 -80 789;
40 -80 581;
50 -80 1431;
-10 0 1357;
-20 0 1219;
-30 0 1002;
-40 0 742;
-50 0 1367;
0 -90 1296;
10 -90 1142;
20 -90 1011;
30 -90 818;
40 -90 635;
50 -90 1389;
-10 0 1336;
-20 0 1174;
-30 0 978;
-40 0 727;
]

