x_inc = [-0.28898 -0.01561 60;
-0.2865 -0.00597 50;
-0.28599 -0.05735 60;
-0.28593 0.03616 60;
-0.28422 -0.04546 50;
-0.2786 0.0804 60;
-0.2756 -0.1004 60;
-0.27394 0.04308 50;
-0.27183 -0.09703 50;
-0.27044 -0.01426 -50;
-0.26977 -0.01565 -60;
-0.26936 -0.05571 -50;
-0.26744 0.03422 -50;
-0.26378 -0.05925 -60;
-0.26282 0.02262 -60;
-0.26039 0.0908 50;
-0.2582 0.12073 60;
-0.25813 -0.09758 -50;
-0.25609 -0.14578 60;
-0.25481 -0.10005 -60;
-0.25472 0.0734 -50;
-0.25377 0.01681 40;
-0.2487 0.06453 -60;
-0.24809 0.05124 40;
-0.24696 0.13258 50;
-0.24658 -0.14438 50;
-0.24396 -0.00838 -40;
-0.24309 -0.04904 -40;
-0.2421 -0.04689 40;
-0.24124 0.03013 -40;
-0.24028 -0.13757 -50;
-0.23642 0.08809 40;
-0.23519 0.10915 -50;
-0.23439 -0.08817 -40;
-0.23145 0.06741 -40;
-0.2302 -0.13711 -60;
-0.22881 0.09707 -60;
-0.22868 0.15477 60;
-0.22607 -0.09599 40;
-0.22526 -0.18536 60;
-0.22302 0.11444 40;
-0.2229 -0.17531 50;
-0.22046 0.16132 50;
-0.21898 -0.16584 -50;
-0.21601 -0.12292 -40;
-0.21545 0.1001 -40;
-0.2097 0.14042 -50;
-0.20851 -0.00942 30;
-0.20838 -0.16394 -60;
-0.20651 -0.04745 30;
-0.2065 -0.07586 30;
-0.20296 0.12594 -60;
-0.19961 -0.13522 40;
-0.19888 -0.00541 -30;
-0.19886 0.03628 30;
-0.19825 -0.15845 -40;
-0.19795 -0.10486 30;
-0.19636 0.02528 -30;
-0.196 0.1848 60;
-0.19484 -0.03863 -30;
-0.19013 0.14715 40;
-0.18885 -0.21964 60;
-0.18865 0.07723 30;
-0.18785 0.18918 50;
-0.18754 -0.15381 40;
-0.18737 0.13232 -40;
-0.18718 -0.07002 -30;
-0.18345 0.05817 -30;
-0.18079 -0.19467 -50;
-0.18005 0.16644 -50;
-0.17913 -0.19215 -60;
-0.17557 -0.09945 -30;
-0.17477 0.10642 30;
-0.17459 0.08821 -30;
-0.17307 -0.17638 40;
-0.17249 0.14959 -60;
-0.16884 0.14998 -40;
-0.16471 -0.18636 -40;
-0.16336 0.17039 40;
-0.16335 -0.21351 50;
-0.16298 -0.14397 30;
-0.16181 0.10118 -30;
-0.15779 0.20649 60;
-0.15496 0.11583 30;
-0.15204 -0.12747 -30;
-0.15112 0.20955 50;
-0.14888 -0.24386 60;
-0.14628 0.18574 -50;
-0.14597 -0.04268 20;
-0.14487 -0.00104 -20;
-0.14456 -0.15601 30;
-0.14408 -0.01862 20;
-0.14291 -0.22033 -60;
-0.14264 -0.02529 -20;
-0.14237 0.01762 -20;
-0.14197 -0.21918 -50;
-0.14185 0.1684 -60;
-0.1408 0.17267 -40;
-0.14036 -0.20852 40;
-0.13916 -0.20694 -40;
-0.1377 0.12537 -30;
-0.13756 0.03786 -20;
-0.13753 -0.14648 -30;
-0.13591 -0.04538 -20;
-0.13578 0.09416 20;
-0.13242 -0.23728 50;
-0.13066 0.04949 20;
-0.13046 0.02026 20;
-0.12895 -0.06859 -20;
-0.1287 0.05751 -20;
-0.12773 0.18628 40;
-0.12683 0.01205 20;
-0.12586 -0.07553 20;
-0.12571 -0.01569 20;
-0.12287 0.1419 30;
-0.12266 -0.08958 20;
-0.11734 0.22223 60;
-0.11723 -0.16477 -30;
-0.11658 -0.1658 30;
-0.11596 0.07497 -20;
-0.11469 -0.08595 -20;
-0.11372 0.14208 -30;
-0.11093 0.22398 50;
-0.11018 -0.11125 20;
-0.10552 0.19857 -50;
-0.10496 0.11711 20;
-0.1042 -0.2344 -60;
-0.10243 0.08365 -20;
-0.10208 -0.2532 50;
-0.10114 0.18297 -60;
-0.10078 0.19591 -40;
-0.1005 -0.23823 -50;
-0.09868 0.16386 30;
-0.09555 -0.1033 -20;
-0.09546 -0.22516 -40;
-0.09534 -0.26161 60;
-0.09498 0.19882 40;
-0.09108 0.02621 10;
-0.08915 -0.22241 40;
-0.08862 0.00459 10;
-0.08825 0.00109 10;
-0.08801 -0.17002 30;
-0.08717 -0.17409 -30;
-0.08623 0.09519 -20;
-0.08596 0.15395 -30;
-0.08538 -0.11904 20;
-0.08363 0.22958 60;
-0.08093 0.04081 10;
-0.08025 0.00487 -10;
-0.08021 -0.00902 10;
-0.07931 0.00721 -10;
-0.07741 -0.00774 -10;
-0.07711 0.02923 -10;
-0.07645 -0.03544 10;
-0.07574 -0.02419 10;
-0.07394 -0.10901 -20;
-0.07351 -0.02674 -10;
-0.073 0.17162 30;
-0.07137 -0.02388 -10;
-0.07071 0.02622 -10;
-0.07033 0.11306 20;
-0.07015 0.18137 -60;
-0.06971 0.23096 50;
-0.06663 0.04434 -10;
-0.0666 0.10318 -20;
-0.06625 0.20693 -50;
-0.06555 -0.03462 10;
-0.06533 0.19709 -40;
-0.06466 -0.23801 -60;
-0.06349 0.20577 40;
-0.06243 0.01456 10;
-0.06156 -0.24731 -50;
-0.06132 0.04771 -10;
-0.06108 -0.03918 -10;
-0.05997 -0.04495 10;
-0.05968 -0.2582 50;
-0.05779 0.1177 20;
-0.05775 -0.12676 20;
-0.05639 -0.11712 -20;
-0.05539 0.03411 10;
-0.05526 0.16133 -30;
-0.05493 0.03148 10;
-0.05459 -0.04843 -10;
-0.05451 -0.22732 -40;
-0.0538 0.0531 -10;
-0.05343 0.04352 10;
-0.04897 -0.26798 60;
-0.04833 0.17405 30;
-0.04815 -0.17857 -30;
-0.04805 -0.22987 40;
-0.0447 -0.06149 10;
-0.04419 -0.18058 30;
-0.04405 0.1118 -20;
-0.04274 -0.12029 -20;
-0.04247 -0.05599 -10;
-0.04243 0.05771 -10;
-0.03822 -0.06273 10;
-0.03794 0.18443 -60;
-0.03613 0.11681 20;
-0.03535 -0.12518 20;
-0.0338 -0.05831 -10;
-0.02939 0.04877 10;
-0.02739 0.05972 -10;
-0.02631 0.19969 -40;
-0.02593 -0.18444 30;
-0.02592 0.22988 60;
-0.0258 -0.06817 10;
-0.02536 -0.07065 -10;
-0.02476 0.00176 0;
-0.02434 0.23246 50;
-0.02366 -0.00143 0;
-0.02352 0.20988 -50;
-0.02347 0.1636 -30;
-0.02304 0.11597 -20;
-0.02226 0.20973 40;
-0.0213 0.00391 0;
-0.0213 0.1042 20;
-0.02012 -0.00639 0;
-0.02003 -0.07174 -10;
-0.01927 -0.12061 20;
-0.01892 -0.23749 -60;
-0.01884 -0.00134 0;
-0.01875 0.05709 10;
-0.01869 -0.00161 0;
-0.01824 -0.00852 0;
-0.01777 -0.0001 0;
-0.01727 -0.00154 0;
-0.01717 0.10834 20;
-0.01716 -0.00404 0;
-0.01715 0.00501 0;
-0.0171 0.00738 0;
-0.01704 0.06138 -10;
-0.01537 -0.1295 -20;
-0.01513 -0.24823 -50;
-0.01486 0.00431 0;
-0.01466 0.00545 0;
-0.01458 -0.00201 0;
-0.01418 0.00251 0;
-0.01323 -0.06877 10;
-0.01258 0.00227 0;
-0.01248 0.00114 0;
-0.01244 0.00031 0;
-0.01229 0.00266 0;
-0.01185 -0.00071 0;
-0.01152 -0.17961 -30;
-0.01084 -0.00205 0;
-0.01081 -0.00265 0;
-0.01064 -9e-05 0;
-0.0106 0.17082 30;
-0.01038 -0.22962 -40;
-0.01022 -0.00537 0;
-0.01022 0.00436 0;
-0.00977 -0.00361 0;
-0.00968 -0.00716 0;
-0.00913 -0.00623 0;
-0.00879 -0.26509 60;
-0.00833 0.00438 0;
-0.00818 0.00851 0;
-0.00714 -0.26601 50;
-0.00577 0.00032 0;
-0.00531 0.06227 -10;
-0.00441 0.00743 0;
-0.00362 -0.06251 -10;
-0.0034 0.08055 10;
-0.00329 -0.2295 40;
-0.0026 -0.00537 0;
-0.00069 -0.06671 10;
-0.00053 0.06198 -10;
0.00167 0.11473 -20;
0.00264 -0.17838 30;
0.00425 0.1052 20;
0.00458 0.18131 -60;
0.00555 -0.12244 20;
0.00563 0.00266 0;
0.00745 0.16159 -30;
0.00817 0.06191 -10;
0.01061 -0.12819 -20;
0.01116 -0.05898 -10;
0.01199 0.19791 -40;
0.01391 0.16749 30;
0.01402 -0.07148 10;
0.01453 0.22221 60;
0.01486 0.21185 -50;
0.01575 0.08435 10;
0.01789 0.07446 10;
0.01816 -0.06457 10;
0.01871 0.20654 40;
0.02101 -0.23052 -60;
0.02124 0.04296 -10;
0.02136 0.10847 -20;
0.02151 0.22149 50;
0.02286 -0.063 10;
0.02481 -0.11386 20;
0.02558 -0.05594 -10;
0.02588 -0.04988 10;
0.02666 -0.24266 -50;
0.02696 0.10263 20;
0.02776 0.00183 10;
0.02846 -0.22256 -40;
0.0287 -0.25692 50;
0.02893 -0.17534 -30;
0.02944 0.00698 10;
0.03034 -0.12216 -20;
0.03053 0.06302 10;
0.03132 0.0388 -10;
0.03347 0.15873 30;
0.03618 0.15418 -30;
0.03671 0.17095 -60;
0.03823 -0.0414 -10;
0.03842 -0.03251 10;
0.03887 -0.05075 -10;
0.03917 0.03067 -10;
0.03966 0.10156 -20;
0.04042 -0.26479 60;
0.04133 0.00937 10;
0.04191 -0.02731 10;
0.04221 -0.21813 40;
0.04228 -0.03083 -10;
0.04294 0.01635 10;
0.04304 0.01873 -10;
0.04391 -0.02379 -10;
0.04438 0.00316 -10;
0.04499 0.02213 -10;
0.04544 0.20492 60;
0.04661 0.18768 -40;
0.04678 -0.01041 -10;
0.0488 0.19575 -50;
0.05023 0.19627 40;
0.05043 -0.18464 30;
0.05149 -0.16875 -30;
0.05266 -0.2152 -60;
0.0527 -0.11124 -20;
0.05409 -0.09114 20;
0.06021 0.02418 10;
0.06057 0.1607 -60;
0.06172 0.03845 10;
0.06298 0.14139 -30;
0.06311 -0.21083 -40;
0.06317 -0.06268 20;
0.06319 0.21654 50;
0.06338 0.08654 -20;
0.06443 -0.22882 -50;
0.06714 0.09294 20;
0.06721 -0.24554 50;
0.0683 -0.20745 40;
0.0686 0.14296 30;
0.06984 0.06745 -20;
0.06996 -0.09836 -20;
0.07388 -0.24357 60;
0.07577 0.18753 60;
0.07742 -0.06748 20;
0.07799 0.17265 -40;
0.07802 -0.18672 -60;
0.07807 -0.15664 -30;
0.07964 0.18208 40;
0.08027 0.077 20;
0.08051 0.06639 -20;
0.08083 -0.17935 30;
0.08123 0.17933 -50;
0.08209 0.00901 20;
0.0831 -0.08246 -20;
0.08478 0.12967 30;
0.08726 -0.06233 -20;
0.08746 0.12512 -30;
0.08954 0.0676 20;
0.08956 0.19557 50;
0.09001 0.1198 30;
0.09058 0.13938 -60;
0.09095 0.04756 20;
0.09125 -0.0557 20;
0.09407 0.04517 -20;
0.09542 -0.04363 -20;
0.096 -0.19267 -40;
0.09874 -0.20779 -50;
0.09883 -0.16262 30;
0.09918 0.02559 -20;
0.10047 -0.02072 -20;
0.10093 -0.144 -30;
0.10198 -0.00022 -20;
0.10363 0.16655 60;
0.10441 -0.15826 -60;
0.10492 0.16791 40;
0.10689 0.15284 -40;
0.10762 -0.22535 50;
0.11006 -0.22308 60;
0.11021 -0.04158 20;
0.11148 0.15836 -50;
0.11332 -0.18658 40;
0.11457 0.10569 -30;
0.11736 0.17794 50;
0.1209 -0.11718 -30;
0.12091 0.11127 -60;
0.12154 0.09746 30;
0.12177 -0.03458 20;
0.12357 -0.16763 -40;
0.12496 -0.14577 30;
0.12841 -0.09212 -30;
0.12859 -0.18073 -50;
0.12904 0.09052 -30;
0.13088 -0.007 20;
0.13143 0.14665 60;
0.13174 0.12876 -40;
0.13282 -0.15308 40;
0.13331 0.14248 40;
0.13442 -0.13294 -60;
0.13501 0.04835 30;
0.13526 0.06135 30;
0.13549 0.0868 -60;
0.13719 0.0665 -30;
0.13765 0.13299 -50;
0.13986 -0.09734 -60;
0.14067 -0.13978 -40;
0.14079 -0.19084 60;
0.14165 0.03824 -30;
0.14183 -0.19749 50;
0.14431 -0.0604 -30;
0.1468 -0.02358 30;
0.14716 0.15288 50;
0.14781 -0.09841 30;
0.14821 0.06054 -60;
0.14918 -0.02848 -30;
0.14976 0.00342 -30;
0.15135 0.12198 40;
0.15191 -0.1377 40;
0.15198 -0.07308 -60;
0.15263 -0.05159 30;
0.15301 -0.15039 -50;
0.1535 0.10243 -40;
0.15398 -0.00012 -60;
0.15427 -0.03893 -60;
0.15447 0.00466 30;
0.15484 0.03252 -60;
0.15728 -0.10562 -40;
0.16041 0.10373 -50;
0.16332 0.1189 60;
0.16683 -0.15308 60;
0.16914 0.07094 -40;
0.16989 -0.0743 -40;
0.17025 -0.11887 40;
0.17141 -0.16269 50;
0.1717 -0.11689 -50;
0.17209 0.09104 40;
0.17448 0.12363 50;
0.17611 0.07097 -50;
0.17797 0.03785 -40;
0.17924 0.0947 60;
0.18203 -0.03753 -40;
0.18283 0.00598 -50;
0.18288 0.00222 -40;
0.18354 -0.08078 -50;
0.18566 -0.11738 60;
0.18579 -0.07994 40;
0.18941 -0.04995 -50;
0.18955 0.04395 -50;
0.18992 0.04907 40;
0.19079 0.09956 50;
0.19267 0.06285 60;
0.19508 -0.03922 40;
0.1954 0.00513 40;
0.19548 -0.12473 50;
0.19772 -0.07975 60;
0.19909 0.02483 60;
0.20111 -0.0366 60;
0.2073 0.06449 50;
0.2095 -0.09105 50;
0.21137 -0.03757 50;
0.21523 0.01299 50;
]

y_inc = [-0.04897 -0.26798 100;
-0.00714 -0.26601 90;
-0.00879 -0.26509 90;
0.04042 -0.26479 80;
-0.09534 -0.26161 110;
-0.05968 -0.2582 100;
0.0287 -0.25692 80;
-0.10208 -0.2532 110;
-0.01513 -0.24823 270;
-0.06156 -0.24731 280;
0.06721 -0.24554 70;
-0.14888 -0.24386 120;
0.07388 -0.24357 70;
0.02666 -0.24266 260;
-0.1005 -0.23823 290;
-0.06466 -0.23801 280;
-0.01892 -0.23749 270;
-0.13242 -0.23728 120;
-0.1042 -0.2344 290;
0.02101 -0.23052 260;
-0.04805 -0.22987 100;
-0.01038 -0.22962 270;
-0.00329 -0.2295 90;
0.06443 -0.22882 250;
-0.05451 -0.22732 280;
0.10762 -0.22535 60;
-0.09546 -0.22516 290;
0.11006 -0.22308 60;
0.02846 -0.22256 260;
-0.08915 -0.22241 110;
-0.14291 -0.22033 300;
-0.18885 -0.21964 130;
-0.14197 -0.21918 300;
0.04221 -0.21813 80;
0.05266 -0.2152 250;
-0.16335 -0.21351 130;
0.06311 -0.21083 250;
-0.14036 -0.20852 120;
0.09874 -0.20779 240;
0.0683 -0.20745 70;
-0.13916 -0.20694 300;
0.14183 -0.19749 50;
-0.18079 -0.19467 310;
0.096 -0.19267 240;
-0.17913 -0.19215 310;
0.14079 -0.19084 50;
0.07802 -0.18672 240;
0.11332 -0.18658 60;
-0.16471 -0.18636 310;
-0.22526 -0.18536 140;
0.05043 -0.18464 70;
-0.02593 -0.18444 90;
0.12859 -0.18073 230;
-0.04419 -0.18058 100;
-0.01152 -0.17961 270;
0.08083 -0.17935 60;
-0.04815 -0.17857 280;
0.00264 -0.17838 80;
-0.17307 -0.17638 130;
0.02893 -0.17534 260;
-0.2229 -0.17531 140;
-0.08717 -0.17409 290;
-0.08801 -0.17002 110;
0.05149 -0.16875 250;
0.12357 -0.16763 230;
-0.21898 -0.16584 320;
-0.11658 -0.1658 120;
-0.11723 -0.16477 300;
-0.20838 -0.16394 320;
0.17141 -0.16269 40;
0.09883 -0.16262 50;
-0.19825 -0.15845 320;
0.10441 -0.15826 230;
0.07807 -0.15664 240;
-0.14456 -0.15601 130;
-0.18754 -0.15381 140;
0.13282 -0.15308 50;
0.16683 -0.15308 40;
0.15301 -0.15039 220;
-0.13753 -0.14648 310;
-0.25609 -0.14578 150;
0.12496 -0.14577 40;
-0.24658 -0.14438 150;
0.10093 -0.144 230;
-0.16298 -0.14397 140;
0.14067 -0.13978 220;
0.15191 -0.1377 40;
-0.24028 -0.13757 330;
-0.2302 -0.13711 330;
-0.19961 -0.13522 150;
0.13442 -0.13294 220;
-0.01537 -0.1295 270;
0.01061 -0.12819 260;
-0.15204 -0.12747 320;
-0.05775 -0.12676 110;
-0.03535 -0.12518 100;
0.19548 -0.12473 30;
-0.21601 -0.12292 330;
0.00555 -0.12244 80;
0.03034 -0.12216 250;
-0.01927 -0.12061 90;
-0.04274 -0.12029 280;
-0.08538 -0.11904 120;
0.17025 -0.11887 30;
0.18566 -0.11738 30;
0.1209 -0.11718 220;
-0.05639 -0.11712 290;
0.1717 -0.11689 210;
0.02481 -0.11386 70;
-0.11018 -0.11125 130;
0.0527 -0.11124 240;
-0.07394 -0.10901 300;
0.15728 -0.10562 210;
-0.19795 -0.10486 150;
-0.09555 -0.1033 310;
-0.2756 -0.1004 160;
-0.25481 -0.10005 340;
-0.17557 -0.09945 330;
0.14781 -0.09841 30;
0.06996 -0.09836 230;
-0.25813 -0.09758 340;
0.13986 -0.09734 210;
-0.27183 -0.09703 160;
-0.22607 -0.09599 160;
0.12841 -0.09212 210;
0.05409 -0.09114 60;
0.2095 -0.09105 20;
-0.12266 -0.08958 140;
-0.23439 -0.08817 340;
-0.11469 -0.08595 320;
0.0831 -0.08246 220;
0.18354 -0.08078 200;
0.18579 -0.07994 20;
0.19772 -0.07975 20;
-0.2065 -0.07586 160;
-0.12586 -0.07553 150;
0.16989 -0.0743 200;
0.15198 -0.07308 200;
-0.02003 -0.07174 270;
0.01402 -0.07148 70;
-0.02536 -0.07065 280;
-0.18718 -0.07002 340;
-0.01323 -0.06877 90;
-0.12895 -0.06859 330;
-0.0258 -0.06817 100;
0.07742 -0.06748 40;
-0.00069 -0.06671 80;
0.01816 -0.06457 50;
0.02286 -0.063 60;
-0.03822 -0.06273 110;
0.06317 -0.06268 50;
-0.00362 -0.06251 260;
0.08726 -0.06233 210;
-0.0447 -0.06149 120;
0.14431 -0.0604 200;
-0.26378 -0.05925 350;
0.01116 -0.05898 250;
-0.0338 -0.05831 290;
-0.28599 -0.05735 170;
-0.04247 -0.05599 300;
0.02558 -0.05594 240;
-0.26936 -0.05571 350;
0.09125 -0.0557 30;
0.15263 -0.05159 20;
0.03887 -0.05075 230;
0.18941 -0.04995 190;
0.02588 -0.04988 40;
-0.24309 -0.04904 350;
-0.05459 -0.04843 310;
-0.20651 -0.04745 170;
-0.2421 -0.04689 170;
-0.28422 -0.04546 170;
-0.13591 -0.04538 340;
-0.05997 -0.04495 130;
0.09542 -0.04363 200;
-0.14597 -0.04268 160;
0.11021 -0.04158 20;
0.03823 -0.0414 220;
0.19508 -0.03922 10;
-0.06108 -0.03918 320;
0.15427 -0.03893 190;
-0.19484 -0.03863 350;
0.21137 -0.03757 10;
0.18203 -0.03753 190;
0.20111 -0.0366 10;
-0.07645 -0.03544 150;
-0.06555 -0.03462 140;
0.12177 -0.03458 10;
0.03842 -0.03251 30;
0.04228 -0.03083 210;
0.14918 -0.02848 190;
0.04191 -0.02731 20;
-0.07351 -0.02674 330;
-0.14264 -0.02529 350;
-0.07574 -0.02419 160;
-0.07137 -0.02388 340;
0.04391 -0.02379 200;
0.1468 -0.02358 10;
0.10047 -0.02072 190;
-0.14408 -0.01862 170;
-0.12571 -0.01569 180;
-0.26977 -0.01565 0;
-0.28898 -0.01561 180;
-0.27044 -0.01426 0;
0.04678 -0.01041 190;
-0.20851 -0.00942 180;
-0.08021 -0.00902 170;
-0.01824 -0.00852 220;
-0.24396 -0.00838 0;
-0.07741 -0.00774 350;
-0.00968 -0.00716 350;
0.13088 -0.007 0;
-0.02012 -0.00639 300;
-0.00913 -0.00623 210;
-0.2865 -0.00597 180;
-0.19888 -0.00541 0;
-0.0026 -0.00537 20;
-0.01022 -0.00537 160;
-0.01716 -0.00404 110;
-0.00977 -0.00361 200;
-0.01081 -0.00265 180;
-0.01084 -0.00205 340;
-0.01458 -0.00201 90;
-0.01869 -0.00161 290;
-0.01727 -0.00154 120;
-0.02366 -0.00143 240;
-0.01884 -0.00134 170;
-0.14487 -0.00104 0;
-0.01185 -0.00071 150;
0.10198 -0.00022 180;
0.15398 -0.00012 180;
-0.01777 -0.0001 230;
-0.01064 -9e-05 190;
-0.01244 0.00031 60;
-0.00577 0.00032 50;
-0.08825 0.00109 180;
-0.01248 0.00114 70;
-0.02476 0.00176 320;
0.02776 0.00183 10;
0.18288 0.00222 180;
-0.01258 0.00227 310;
-0.01418 0.00251 130;
0.00563 0.00266 10;
-0.01229 0.00266 80;
0.04438 0.00316 180;
0.14976 0.00342 180;
-0.0213 0.00391 250;
-0.01486 0.00431 330;
-0.01022 0.00436 260;
-0.00833 0.00438 100;
-0.08862 0.00459 190;
0.15447 0.00466 0;
-0.08025 0.00487 0;
-0.01715 0.00501 140;
0.1954 0.00513 0;
-0.01466 0.00545 40;
0.18283 0.00598 180;
0.02944 0.00698 0;
-0.07931 0.00721 10;
-0.0171 0.00738 30;
-0.00441 0.00743 270;
-0.00818 0.00851 280;
0.08209 0.00901 350;
0.04133 0.00937 350;
-0.12683 0.01205 190;
0.21523 0.01299 0;
-0.06243 0.01456 230;
0.04294 0.01635 340;
-0.25377 0.01681 180;
-0.14237 0.01762 10;
0.04304 0.01873 170;
-0.13046 0.02026 200;
0.04499 0.02213 160;
-0.26282 0.02262 10;
0.06021 0.02418 330;
0.19909 0.02483 0;
-0.19636 0.02528 10;
0.09918 0.02559 170;
-0.09108 0.02621 200;
-0.07071 0.02622 20;
-0.07711 0.02923 30;
-0.24124 0.03013 10;
0.03917 0.03067 150;
-0.05493 0.03148 220;
0.15484 0.03252 170;
-0.05539 0.03411 240;
-0.26744 0.03422 10;
-0.28593 0.03616 190;
-0.19886 0.03628 190;
0.17797 0.03785 170;
-0.13756 0.03786 20;
0.14165 0.03824 170;
0.06172 0.03845 320;
0.03132 0.0388 140;
-0.08093 0.04081 210;
0.02124 0.04296 130;
-0.27394 0.04308 190;
-0.05343 0.04352 250;
0.18955 0.04395 170;
-0.06663 0.04434 40;
0.09407 0.04517 160;
0.09095 0.04756 340;
-0.06132 0.04771 50;
0.13501 0.04835 350;
-0.02939 0.04877 260;
0.18992 0.04907 350;
-0.13066 0.04949 210;
-0.24809 0.05124 190;
-0.0538 0.0531 60;
-0.01875 0.05709 270;
-0.1287 0.05751 30;
-0.04243 0.05771 70;
-0.18345 0.05817 20;
-0.02739 0.05972 80;
0.14821 0.06054 160;
0.13526 0.06135 340;
-0.01704 0.06138 90;
0.00817 0.06191 120;
-0.00053 0.06198 110;
-0.00531 0.06227 100;
0.19267 0.06285 350;
0.03053 0.06302 310;
0.2073 0.06449 350;
-0.2487 0.06453 20;
0.08051 0.06639 150;
0.13719 0.0665 160;
-0.23145 0.06741 20;
0.06984 0.06745 140;
0.08954 0.0676 330;
0.16914 0.07094 160;
0.17611 0.07097 160;
-0.25472 0.0734 20;
0.01789 0.07446 300;
-0.11596 0.07497 40;
0.08027 0.077 320;
-0.18865 0.07723 200;
-0.2786 0.0804 200;
-0.0034 0.08055 280;
-0.10243 0.08365 50;
0.01575 0.08435 290;
0.06338 0.08654 130;
0.13549 0.0868 150;
-0.23642 0.08809 200;
-0.17459 0.08821 30;
0.12904 0.09052 150;
-0.26039 0.0908 200;
0.17209 0.09104 340;
0.06714 0.09294 310;
-0.13578 0.09416 220;
0.17924 0.0947 340;
-0.08623 0.09519 60;
-0.22881 0.09707 30;
0.12154 0.09746 330;
0.19079 0.09956 340;
-0.21545 0.1001 30;
-0.16181 0.10118 40;
0.03966 0.10156 120;
0.1535 0.10243 150;
0.02696 0.10263 300;
-0.0666 0.10318 70;
0.16041 0.10373 150;
-0.0213 0.1042 270;
0.00425 0.1052 290;
0.11457 0.10569 140;
-0.17477 0.10642 210;
-0.01717 0.10834 280;
0.02136 0.10847 110;
-0.23519 0.10915 30;
0.12091 0.11127 140;
-0.04405 0.1118 80;
-0.07033 0.11306 240;
-0.22302 0.11444 210;
0.00167 0.11473 100;
-0.15496 0.11583 220;
-0.02304 0.11597 90;
-0.03613 0.11681 260;
-0.10496 0.11711 230;
-0.05779 0.1177 250;
0.16332 0.1189 330;
0.09001 0.1198 320;
-0.2582 0.12073 210;
0.15135 0.12198 330;
0.17448 0.12363 330;
0.08746 0.12512 130;
-0.1377 0.12537 50;
-0.20296 0.12594 40;
0.13174 0.12876 140;
0.08478 0.12967 310;
-0.18737 0.13232 40;
-0.24696 0.13258 210;
0.13765 0.13299 140;
0.09058 0.13938 130;
-0.2097 0.14042 40;
0.06298 0.14139 120;
-0.12287 0.1419 230;
-0.11372 0.14208 60;
0.13331 0.14248 320;
0.0686 0.14296 300;
0.13143 0.14665 320;
-0.19013 0.14715 220;
-0.17249 0.14959 50;
-0.16884 0.14998 50;
0.10689 0.15284 130;
0.14716 0.15288 320;
-0.08596 0.15395 70;
0.03618 0.15418 110;
-0.22868 0.15477 220;
0.11148 0.15836 130;
0.03347 0.15873 290;
0.06057 0.1607 120;
-0.22046 0.16132 220;
-0.05526 0.16133 80;
0.00745 0.16159 100;
-0.02347 0.1636 90;
-0.09868 0.16386 240;
-0.18005 0.16644 50;
0.10363 0.16655 310;
0.01391 0.16749 280;
0.10492 0.16791 310;
-0.14185 0.1684 60;
-0.16336 0.17039 230;
-0.0106 0.17082 270;
0.03671 0.17095 110;
-0.073 0.17162 250;
0.07799 0.17265 120;
-0.1408 0.17267 60;
-0.04833 0.17405 260;
0.11736 0.17794 310;
0.08123 0.17933 120;
0.00458 0.18131 100;
-0.07015 0.18137 80;
0.07964 0.18208 300;
-0.10114 0.18297 70;
-0.03794 0.18443 90;
-0.196 0.1848 230;
-0.14628 0.18574 60;
-0.12773 0.18628 240;
0.07577 0.18753 300;
0.04661 0.18768 110;
-0.18785 0.18918 230;
0.08956 0.19557 300;
0.0488 0.19575 110;
-0.10078 0.19591 70;
0.05023 0.19627 290;
-0.06533 0.19709 80;
0.01199 0.19791 100;
-0.10552 0.19857 70;
-0.09498 0.19882 250;
-0.02631 0.19969 90;
0.04544 0.20492 290;
-0.06349 0.20577 260;
-0.15779 0.20649 240;
0.01871 0.20654 280;
-0.06625 0.20693 80;
-0.15112 0.20955 240;
-0.02226 0.20973 270;
-0.02352 0.20988 90;
0.01486 0.21185 100;
0.06319 0.21654 290;
0.02151 0.22149 280;
0.01453 0.22221 280;
-0.11734 0.22223 250;
-0.11093 0.22398 250;
-0.08363 0.22958 260;
-0.02592 0.22988 270;
-0.06971 0.23096 260;
-0.02434 0.23246 270;
]
