0.0294395 0.00697534 0 
0.130881 -0.00700153 0 
0.154466 0.00465667 0 
0.195401 0.00512564 0 
0.21523 0.012987 0 
0.199089 0.0248318 0 
-0.0802463 0.00487328 0 
-0.14487 -0.00104469 0 
-0.198876 -0.00541105 0 
-0.243956 -0.0083762 0 
-0.270441 -0.0142574 0 
-0.269772 -0.0156471 0 
0.00563247 0.00265725 10 
0.0277629 0.0018262 10 
0.121774 -0.0345767 10 
0.146796 -0.023585 10 
0.195076 -0.0392179 10 
0.211368 -0.0375656 10 
0.201111 -0.0365968 10 
-0.079308 0.00720709 10 
-0.142374 0.0176214 10 
-0.19636 0.0252834 10 
-0.241242 0.0301349 10 
-0.267439 0.0342197 10 
-0.262815 0.0226224 10 
-0.00259712 -0.00537334 20 
0.0419061 -0.0273094 20 
0.110207 -0.0415834 20 
0.152633 -0.0515876 20 
0.185785 -0.0799433 20 
0.209497 -0.091052 20 
0.197718 -0.0797464 20 
-0.0707147 0.0262232 20 
-0.137555 0.0378613 20 
-0.183448 0.0581711 20 
-0.231454 0.0674124 20 
-0.254715 0.0734035 20 
-0.248702 0.0645299 20 
-0.017102 0.00738372 30 
0.0384192 -0.0325067 30 
0.0912538 -0.0556995 30 
0.147814 -0.0984141 30 
0.170251 -0.118874 30 
0.195482 -0.124733 30 
0.185659 -0.117383 30 
-0.0771121 0.0292345 30 
-0.128699 0.0575112 30 
-0.174594 0.088205 30 
-0.215447 0.100104 30 
-0.235185 0.109149 30 
-0.228808 0.0970666 30 
-0.0146575 0.00544919 40 
0.0258833 -0.0498753 40 
0.0774247 -0.0674759 40 
0.124962 -0.145775 40 
0.151909 -0.137705 40 
0.17141 -0.162692 40 
0.166828 -0.153077 40 
-0.0666292 0.0443364 40 
-0.115955 0.0749719 40 
-0.161811 0.101176 40 
-0.187367 0.132316 40 
-0.209701 0.140424 40 
-0.202963 0.125944 40 
-0.00577369 0.000319957 50 
0.0181593 -0.0645677 50 
0.0631708 -0.0626785 50 
0.0988306 -0.162625 50 
0.132825 -0.153076 50 
0.141833 -0.197489 50 
0.140786 -0.190836 50 
-0.061319 0.0477072 50 
-0.102425 0.0836543 50 
-0.137701 0.125366 50 
-0.168837 0.14998 50 
-0.180048 0.166441 50 
-0.172489 0.149589 50 
-0.0124411 0.000305408 60 
0.0228609 -0.0629971 60 
0.0540852 -0.0911405 60 
0.0808292 -0.179346 60 
0.113322 -0.186577 60 
0.107624 -0.225347 60 
0.110058 -0.223079 60 
-0.0537989 0.0530962 60 
-0.0862289 0.0951915 60 
-0.113716 0.142082 60 
-0.1408 0.172667 60 
-0.146277 0.185745 60 
-0.141849 0.168399 60 
-0.012481 0.00114465 70 
0.014018 -0.0714827 70 
0.0248081 -0.113865 70 
0.0504267 -0.184639 70 
0.0683032 -0.207452 70 
0.067205 -0.245543 70 
0.0738837 -0.24357 70 
-0.0424338 0.0577117 70 
-0.066601 0.103179 70 
-0.0859637 0.153952 70 
-0.100778 0.195912 70 
-0.105522 0.198567 70 
-0.101135 0.182968 70 
-0.0122916 0.00266033 80 
-0.000687582 -0.0667114 80 
0.0055489 -0.12244 80 
0.00264228 -0.178382 80 
0.0422096 -0.218132 80 
0.0287049 -0.256918 80 
0.0404249 -0.264791 80 
-0.0273911 0.0597179 80 
-0.0440465 0.111801 80 
-0.0552611 0.161331 80 
-0.0653316 0.197091 80 
-0.0662522 0.206928 80 
-0.0701548 0.181367 80 
-0.0145833 -0.00201247 90 
-0.0132258 -0.0687727 90 
-0.0192681 -0.120615 90 
-0.02593 -0.184441 90 
-0.00328913 -0.229503 90 
-0.00714012 -0.266013 90 
-0.00878708 -0.265086 90 
-0.0170432 0.0613798 90 
-0.0230435 0.11597 90 
-0.0234725 0.163597 90 
-0.0263136 0.199691 90 
-0.0235187 0.209877 90 
-0.0379366 0.184428 90 
-0.00832658 0.00437859 100 
-0.025796 -0.0681705 100 
-0.0353466 -0.125177 100 
-0.044188 -0.180577 100 
-0.0480524 -0.22987 100 
-0.0596843 -0.258201 100 
-0.048968 -0.267979 100 
-0.00530692 0.0622737 100 
0.00167154 0.114731 100 
0.0074539 0.16159 100 
0.0119933 0.197907 100 
0.014859 0.211848 100 
0.00457586 0.181313 100 
-0.0171577 -0.00403963 110 
-0.0382186 -0.0627269 110 
-0.0577546 -0.126765 110 
-0.0880076 -0.170017 110 
-0.0891546 -0.222414 110 
-0.10208 -0.253201 110 
-0.0953392 -0.261615 110 
-0.000531657 0.0619822 110 
0.021365 0.108471 110 
0.0361808 0.154179 110 
0.0466107 0.187685 110 
0.0488034 0.195749 110 
0.0367137 0.170953 110 
-0.017272 -0.00153778 120 
-0.0447011 -0.0614858 120 
-0.0853771 -0.119039 120 
-0.116585 -0.165803 120 
-0.140364 -0.208517 120 
-0.132422 -0.237284 120 
-0.148876 -0.243863 120 
0.00816567 0.0619123 120 
0.0396609 0.101561 120 
0.06298 0.141392 120 
0.07799 0.172651 120 
0.0812302 0.179325 120 
0.060568 0.1607 120 
-0.0141798 0.00250567 130 
-0.0599731 -0.0449462 130 
-0.110182 -0.111249 130 
-0.14456 -0.156007 130 
-0.173069 -0.176378 130 
-0.163354 -0.213514 130 
-0.188849 -0.219644 130 
0.0212389 0.0429551 130 
0.0633757 0.0865358 130 
0.0874607 0.125121 130 
0.106892 0.152839 130 
0.111478 0.158361 130 
0.0905828 0.139383 130 
-0.0171498 0.00501218 140 
-0.0655507 -0.0346226 140 
-0.122661 -0.0895752 140 
-0.162981 -0.143967 140 
-0.187536 -0.153811 140 
-0.222904 -0.175308 140 
-0.225264 -0.185357 140 
0.0313191 0.0387959 140 
0.0698413 0.0674512 140 
0.114566 0.10569 140 
0.131737 0.128757 140 
0.137653 0.132989 140 
0.120913 0.11127 140 
-0.0118499 -0.0007101 150 
-0.0764539 -0.0354364 150 
-0.125863 -0.0755308 150 
-0.19795 -0.104863 150 
-0.199611 -0.135221 150 
-0.246577 -0.144375 150 
-0.256093 -0.145784 150 
0.0391738 0.0306737 150 
0.0805148 0.0663898 150 
0.129041 0.0905222 150 
0.153502 0.102429 150 
0.160408 0.103729 150 
0.135491 0.0868024 150 
-0.0102155 -0.00536785 160 
-0.075739 -0.0241872 160 
-0.145967 -0.0426768 160 
-0.206496 -0.0758602 160 
-0.226074 -0.0959863 160 
-0.271827 -0.097035 160 
-0.275603 -0.100399 160 
0.0449919 0.0221339 160 
0.094067 0.0451724 160 
0.137188 0.0665013 160 
0.169144 0.0709418 160 
0.176112 0.0709689 160 
0.148214 0.0605362 160 
-0.0188406 -0.00133905 170 
-0.0802081 -0.00901691 170 
-0.144082 -0.0186175 170 
-0.206507 -0.0474511 170 
-0.242104 -0.0468948 170 
-0.284221 -0.0454587 170 
-0.285991 -0.0573454 170 
0.0430407 0.0187327 170 
0.0991792 0.0255899 170 
0.141654 0.0382393 170 
0.177966 0.037852 170 
0.18955 0.0439485 170 
0.154836 0.0325247 170 
