-0.00902815 -0.0207507 180 
-0.0879222 -0.00887132 180 
-0.136821 -0.010418 180 
-0.205278 0.00583382 180 
-0.245752 -0.0282045 180 
-0.287549 -0.022471 180 
-0.0139069 -0.0197313 190 
-0.0937423 0.0042644 190 
-0.120198 0.00694263 190 
-0.211731 0.0373694 190 
-0.247431 0.029454 190 
-0.284277 0.0345138 190 
-0.0168828 -0.014488 200 
-0.0979015 0.0183527 200 
-0.121016 0.035909 200 
-0.197212 0.0679095 200 
-0.238436 0.0633788 200 
-0.273151 0.0675051 200 
-0.00513184 -0.0104735 210 
-0.085282 0.0258214 210 
-0.120746 0.0578542 210 
-0.180639 0.0806129 210 
-0.224255 0.0980474 210 
-0.257551 0.106837 210 
-0.0246962 -0.0027974 220 
-0.0701227 0.0305092 220 
-0.115215 0.0642293 220 
-0.165421 0.0887185 220 
-0.202054 0.130939 220 
-0.2364 0.139682 220 
-0.0233623 -0.00354459 230 
-0.053089 0.0321615 230 
-0.106133 0.0913592 230 
-0.14566 0.121794 230 
-0.175996 0.155811 230 
-0.20784 0.166233 230 
-0.0212917 0.00253149 240 
-0.0538284 0.02951 240 
-0.0855986 0.125697 240 
-0.115899 0.148162 240 
-0.145115 0.180039 240 
-0.178937 0.195543 240 
-0.0297567 0.0159445 250 
-0.0392688 0.0358563 250 
-0.0710069 0.128695 250 
-0.0897801 0.161878 250 
-0.118076 0.196134 250 
-0.138685 0.219936 250 
-0.0189968 0.0136749 260 
-0.033706 0.0485048 260 
-0.0540634 0.135245 260 
-0.0561485 0.168784 260 
-0.074809 0.208935 260 
-0.0919794 0.236239 260 
-0.01508 0.00129211 270 
-0.0268725 0.0591444 270 
-0.0239021 0.131882 270 
-0.0274183 0.166016 270 
-0.0349105 0.213713 270 
-0.042562 0.238785 270 
-0.0115749 0.00355286 280 
-0.022865 0.0618523 280 
0.0102561 0.133134 280 
0.0111932 0.166041 280 
0.00618394 0.212763 280 
0.0104424 0.240221 280 
-0.0110222 -0.00553571 290 
-0.0132704 0.0535672 290 
0.038994 0.128814 290 
0.0231724 0.158349 290 
0.0518689 0.206287 290 
0.057426 0.226359 290 
-0.00468394 0.000614407 300 
-0.00664619 0.0556777 300 
0.0654889 0.113306 300 
0.047444 0.14968 300 
0.0825045 0.18681 300 
0.0949269 0.207893 300 
-0.0112418 0.000482896 310 
0.0204634 0.0581751 310 
0.0728657 0.09601 310 
0.0884701 0.132368 310 
0.113662 0.167272 310 
0.132849 0.185938 310 
-0.0225626 0.00094196 320 
0.0314721 0.0463917 320 
0.0763936 0.0818053 320 
0.110088 0.113589 320 
0.139096 0.140469 320 
0.151786 0.149345 320 
-0.0244694 0.00504355 330 
0.0463392 0.0334434 330 
0.0866186 0.0720326 330 
0.134484 0.0892861 330 
0.17057 0.109753 330 
0.180451 0.122207 330 
-0.0218576 0.00786628 340 
0.0614673 0.0188051 340 
0.0924052 0.0472046 340 
0.151106 0.0623655 340 
0.180758 0.0762817 340 
0.197737 0.0905392 340 
-0.0188006 0.00961518 350 
0.0466328 0.00749402 350 
0.104314 0.022404 350 
0.152811 0.0333294 350 
0.191001 0.0421658 350 
0.211321 0.0486219 350 
