az_inc_0_180 = [0.0294395 0.00697534 0;
0.130881 -0.00700153 0;
0.154466 0.00465667 0;
0.195401 0.00512564 0;
0.21523 0.012987 0;
0.199089 0.0248318 0;
-0.0802463 0.00487328 0;
-0.14487 -0.00104469 0;
-0.198876 -0.00541105 0;
-0.243956 -0.0083762 0;
-0.270441 -0.0142574 0;
-0.269772 -0.0156471 0;
0.00563247 0.00265725 10;
0.0277629 0.0018262 10;
0.121774 -0.0345767 10;
0.146796 -0.023585 10;
0.195076 -0.0392179 10;
0.211368 -0.0375656 10;
0.201111 -0.0365968 10;
-0.079308 0.00720709 10;
-0.142374 0.0176214 10;
-0.19636 0.0252834 10;
-0.241242 0.0301349 10;
-0.267439 0.0342197 10;
-0.262815 0.0226224 10;
-0.00259712 -0.00537334 20;
0.0419061 -0.0273094 20;
0.110207 -0.0415834 20;
0.152633 -0.0515876 20;
0.185785 -0.0799433 20;
0.209497 -0.091052 20;
0.197718 -0.0797464 20;
-0.0707147 0.0262232 20;
-0.137555 0.0378613 20;
-0.183448 0.0581711 20;
-0.231454 0.0674124 20;
-0.254715 0.0734035 20;
-0.248702 0.0645299 20;
-0.017102 0.00738372 30;
0.0384192 -0.0325067 30;
0.0912538 -0.0556995 30;
0.147814 -0.0984141 30;
0.170251 -0.118874 30;
0.195482 -0.124733 30;
0.185659 -0.117383 30;
-0.0771121 0.0292345 30;
-0.128699 0.0575112 30;
-0.174594 0.088205 30;
-0.215447 0.100104 30;
-0.235185 0.109149 30;
-0.228808 0.0970666 30;
-0.0146575 0.00544919 40;
0.0258833 -0.0498753 40;
0.0774247 -0.0674759 40;
0.124962 -0.145775 40;
0.151909 -0.137705 40;
0.17141 -0.162692 40;
0.166828 -0.153077 40;
-0.0666292 0.0443364 40;
-0.115955 0.0749719 40;
-0.161811 0.101176 40;
-0.187367 0.132316 40;
-0.209701 0.140424 40;
-0.202963 0.125944 40;
-0.00577369 0.000319957 50;
0.0181593 -0.0645677 50;
0.0631708 -0.0626785 50;
0.0988306 -0.162625 50;
0.132825 -0.153076 50;
0.141833 -0.197489 50;
0.140786 -0.190836 50;
-0.061319 0.0477072 50;
-0.102425 0.0836543 50;
-0.137701 0.125366 50;
-0.168837 0.14998 50;
-0.180048 0.166441 50;
-0.172489 0.149589 50;
-0.0124411 0.000305408 60;
0.0228609 -0.0629971 60;
0.0540852 -0.0911405 60;
0.0808292 -0.179346 60;
0.113322 -0.186577 60;
0.107624 -0.225347 60;
0.110058 -0.223079 60;
-0.0537989 0.0530962 60;
-0.0862289 0.0951915 60;
-0.113716 0.142082 60;
-0.1408 0.172667 60;
-0.146277 0.185745 60;
-0.141849 0.168399 60;
-0.012481 0.00114465 70;
0.014018 -0.0714827 70;
0.0248081 -0.113865 70;
0.0504267 -0.184639 70;
0.0683032 -0.207452 70;
0.067205 -0.245543 70;
0.0738837 -0.24357 70;
-0.0424338 0.0577117 70;
-0.066601 0.103179 70;
-0.0859637 0.153952 70;
-0.100778 0.195912 70;
-0.105522 0.198567 70;
-0.101135 0.182968 70;
-0.0122916 0.00266033 80;
-0.000687582 -0.0667114 80;
0.0055489 -0.12244 80;
0.00264228 -0.178382 80;
0.0422096 -0.218132 80;
0.0287049 -0.256918 80;
0.0404249 -0.264791 80;
-0.0273911 0.0597179 80;
-0.0440465 0.111801 80;
-0.0552611 0.161331 80;
-0.0653316 0.197091 80;
-0.0662522 0.206928 80;
-0.0701548 0.181367 80;
-0.0145833 -0.00201247 90;
-0.0132258 -0.0687727 90;
-0.0192681 -0.120615 90;
-0.02593 -0.184441 90;
-0.00328913 -0.229503 90;
-0.00714012 -0.266013 90;
-0.00878708 -0.265086 90;
-0.0170432 0.0613798 90;
-0.0230435 0.11597 90;
-0.0234725 0.163597 90;
-0.0263136 0.199691 90;
-0.0235187 0.209877 90;
-0.0379366 0.184428 90;
-0.00832658 0.00437859 100;
-0.025796 -0.0681705 100;
-0.0353466 -0.125177 100;
-0.044188 -0.180577 100;
-0.0480524 -0.22987 100;
-0.0596843 -0.258201 100;
-0.048968 -0.267979 100;
-0.00530692 0.0622737 100;
0.00167154 0.114731 100;
0.0074539 0.16159 100;
0.0119933 0.197907 100;
0.014859 0.211848 100;
0.00457586 0.181313 100;
-0.0171577 -0.00403963 110;
-0.0382186 -0.0627269 110;
-0.0577546 -0.126765 110;
-0.0880076 -0.170017 110;
-0.0891546 -0.222414 110;
-0.10208 -0.253201 110;
-0.0953392 -0.261615 110;
-0.000531657 0.0619822 110;
0.021365 0.108471 110;
0.0361808 0.154179 110;
0.0466107 0.187685 110;
0.0488034 0.195749 110;
0.0367137 0.170953 110;
-0.017272 -0.00153778 120;
-0.0447011 -0.0614858 120;
-0.0853771 -0.119039 120;
-0.116585 -0.165803 120;
-0.140364 -0.208517 120;
-0.132422 -0.237284 120;
-0.148876 -0.243863 120;
0.00816567 0.0619123 120;
0.0396609 0.101561 120;
0.06298 0.141392 120;
0.07799 0.172651 120;
0.0812302 0.179325 120;
0.060568 0.1607 120;
-0.0141798 0.00250567 130;
-0.0599731 -0.0449462 130;
-0.110182 -0.111249 130;
-0.14456 -0.156007 130;
-0.173069 -0.176378 130;
-0.163354 -0.213514 130;
-0.188849 -0.219644 130;
0.0212389 0.0429551 130;
0.0633757 0.0865358 130;
0.0874607 0.125121 130;
0.106892 0.152839 130;
0.111478 0.158361 130;
0.0905828 0.139383 130;
-0.0171498 0.00501218 140;
-0.0655507 -0.0346226 140;
-0.122661 -0.0895752 140;
-0.162981 -0.143967 140;
-0.187536 -0.153811 140;
-0.222904 -0.175308 140;
-0.225264 -0.185357 140;
0.0313191 0.0387959 140;
0.0698413 0.0674512 140;
0.114566 0.10569 140;
0.131737 0.128757 140;
0.137653 0.132989 140;
0.120913 0.11127 140;
-0.0118499 -0.0007101 150;
-0.0764539 -0.0354364 150;
-0.125863 -0.0755308 150;
-0.19795 -0.104863 150;
-0.199611 -0.135221 150;
-0.246577 -0.144375 150;
-0.256093 -0.145784 150;
0.0391738 0.0306737 150;
0.0805148 0.0663898 150;
0.129041 0.0905222 150;
0.153502 0.102429 150;
0.160408 0.103729 150;
0.135491 0.0868024 150;
-0.0102155 -0.00536785 160;
-0.075739 -0.0241872 160;
-0.145967 -0.0426768 160;
-0.206496 -0.0758602 160;
-0.226074 -0.0959863 160;
-0.271827 -0.097035 160;
-0.275603 -0.100399 160;
0.0449919 0.0221339 160;
0.094067 0.0451724 160;
0.137188 0.0665013 160;
0.169144 0.0709418 160;
0.176112 0.0709689 160;
0.148214 0.0605362 160;
-0.0188406 -0.00133905 170;
-0.0802081 -0.00901691 170;
-0.144082 -0.0186175 170;
-0.206507 -0.0474511 170;
-0.242104 -0.0468948 170;
-0.284221 -0.0454587 170;
-0.285991 -0.0573454 170;
0.0430407 0.0187327 170;
0.0991792 0.0255899 170;
0.141654 0.0382393 170;
0.177966 0.037852 170;
0.18955 0.0439485 170;
0.154836 0.0325247 170;
]

az_inc_180_360 = [-0.010805 -0.00264968 180;
-0.0882521 0.00108645 180;
-0.125711 -0.015691 180;
-0.208514 -0.00941637 180;
-0.253773 0.016814 180;
-0.286498 -0.00596546 180;
-0.288978 -0.0156067 180;
0.0443844 0.00315558 180;
0.101981 -0.000219682 180;
0.149757 0.00342013 180;
0.182885 0.00222467 180;
0.182828 0.00597729 180;
0.153977 -0.000116474 180;
-0.0106364 -9.15002e-05 190;
-0.088624 0.00458898 190;
-0.126834 0.0120457 190;
-0.198859 0.0362797 190;
-0.248094 0.0512414 190;
-0.273937 0.0430838 190;
-0.285926 0.0361583 190;
0.0467779 -0.010409 190;
0.10047 -0.0207158 190;
0.149182 -0.0284763 190;
0.182027 -0.0375322 190;
0.189411 -0.0499451 190;
0.154271 -0.0389283 190;
-0.00976651 -0.00360691 200;
-0.0910755 0.0262134 200;
-0.130458 0.0202632 200;
-0.188652 0.0772272 200;
-0.236424 0.0880949 200;
-0.260387 0.0907986 200;
-0.2786 0.0804014 200;
0.0439117 -0.0237944 200;
0.0954188 -0.0436325 200;
0.144313 -0.0603967 200;
0.169893 -0.0742956 200;
0.183541 -0.0807766 200;
0.151978 -0.0730789 200;
-0.00912644 -0.00623296 210;
-0.0809282 0.0408104 210;
-0.130664 0.049486 210;
-0.174767 0.106424 210;
-0.223022 0.114442 210;
-0.246958 0.132579 210;
-0.258196 0.120726 210;
0.0422798 -0.0308269 210;
0.0872581 -0.0623323 210;
0.12841 -0.0921215 210;
0.157276 -0.105622 210;
0.171696 -0.116886 210;
0.139861 -0.0973413 210;
-0.0182443 -0.00851972 220;
-0.0549312 0.031476 220;
-0.135784 0.0941604 220;
-0.154964 0.115833 220;
-0.190127 0.147151 220;
-0.220458 0.161318 220;
-0.228677 0.154775 220;
0.0382281 -0.0414024 220;
0.0831026 -0.082456 220;
0.120905 -0.117177 220;
0.140668 -0.13978 220;
0.153014 -0.150394 220;
0.134425 -0.132938 220;
-0.0177689 -0.000103822 230;
-0.0624341 0.0145594 230;
-0.104962 0.117115 230;
-0.122865 0.141896 230;
-0.163355 0.170392 230;
-0.187853 0.189177 230;
-0.195997 0.184797 230;
0.0388657 -0.0507545 230;
0.0699628 -0.0983553 230;
0.100927 -0.144005 230;
0.123573 -0.167631 230;
0.128591 -0.180732 230;
0.10441 -0.158261 230;
-0.0236581 -0.0014312 240;
-0.0553915 0.0341103 240;
-0.0703253 0.113061 240;
-0.0986756 0.163864 240;
-0.127731 0.186281 240;
-0.151116 0.209553 240;
-0.157793 0.206485 240;
0.0255763 -0.0559445 240;
0.0526981 -0.111238 240;
0.0780693 -0.156639 240;
0.0959967 -0.192666 240;
0.098735 -0.207792 240;
0.0780174 -0.186717 240;
-0.0213021 0.00390825 250;
-0.0534333 0.0435224 250;
-0.0577877 0.117701 250;
-0.0730019 0.171617 250;
-0.0949751 0.198816 250;
-0.110934 0.223976 250;
-0.117343 0.222232 250;
0.0111642 -0.0589756 250;
0.0303394 -0.122164 250;
0.0514863 -0.168752 250;
0.0631079 -0.210832 250;
0.0644273 -0.228824 250;
0.0526626 -0.215198 250;
-0.010225 0.0043615 260;
-0.0293938 0.0487743 260;
-0.0361337 0.116811 260;
-0.0483333 0.174048 260;
-0.0634927 0.205768 260;
-0.0697059 0.230957 260;
-0.083632 0.22958 260;
-0.00362196 -0.0625102 260;
0.0106057 -0.128188 260;
0.0289254 -0.175338 260;
0.0284618 -0.222556 260;
0.0266648 -0.242664 260;
0.021009 -0.230521 260;
-0.00440709 0.00742976 270;
-0.0187535 0.057094 270;
-0.0213021 0.104197 270;
-0.0106045 0.170819 270;
-0.0222597 0.209731 270;
-0.024339 0.232464 270;
-0.0259222 0.229884 270;
-0.0200274 -0.0717422 270;
-0.0153659 -0.129503 270;
-0.0115201 -0.179609 270;
-0.0103763 -0.229624 270;
-0.0151338 -0.248225 270;
-0.0189229 -0.237489 270;
-0.00818396 0.00851415 280;
-0.00340224 0.0805511 280;
-0.0171667 0.108343 280;
0.0139072 0.167493 280;
0.0187051 0.20654 280;
0.0215069 0.221492 280;
0.0145251 0.222205 280;
-0.0253556 -0.0706487 280;
-0.0427365 -0.120289 280;
-0.0481502 -0.178565 280;
-0.054512 -0.227324 280;
-0.0615609 -0.247306 280;
-0.0646592 -0.238011 280;
-0.0186917 -0.00160635 290;
0.0157483 0.0843543 290;
0.00425326 0.105198 290;
0.0334739 0.158732 290;
0.0502345 0.196268 290;
0.0631897 0.216538 290;
0.0454381 0.204916 290;
-0.0338006 -0.0583106 290;
-0.0563936 -0.11712 290;
-0.0871741 -0.174093 290;
-0.0954632 -0.225158 290;
-0.100503 -0.238232 290;
-0.104201 -0.234403 290;
-0.020116 -0.00639366 300;
0.0178949 0.0744621 300;
0.0269558 0.102628 300;
0.0686017 0.142963 300;
0.0796419 0.182076 300;
0.0895558 0.195566 300;
0.0757733 0.187527 300;
-0.0424661 -0.0559932 300;
-0.0739441 -0.109009 300;
-0.117229 -0.164772 300;
-0.139159 -0.206942 300;
-0.141972 -0.219179 300;
-0.142907 -0.220333 300;
-0.0125798 0.00227434 310;
0.0305296 0.063017 310;
0.0671378 0.0929374 310;
0.0847773 0.129673 310;
0.104916 0.16791 310;
0.117361 0.17794 310;
0.103634 0.166553 310;
-0.0545881 -0.0484329 310;
-0.0955463 -0.103297 310;
-0.137528 -0.146483 310;
-0.164711 -0.186363 310;
-0.180789 -0.194671 310;
-0.179133 -0.192152 310;
-0.0247614 0.0017564 320;
0.0617189 0.0384514 320;
0.0802708 0.0770048 320;
0.090009 0.119803 320;
0.133314 0.142476 320;
0.147162 0.152878 320;
0.131432 0.146647 320;
-0.0610807 -0.0391775 320;
-0.114692 -0.0859535 320;
-0.152044 -0.127467 320;
-0.198251 -0.158454 320;
-0.218983 -0.165844 320;
-0.208378 -0.16394 320;
-0.0148613 0.00431302 330;
0.0602077 0.0241758 330;
0.0895371 0.0676026 330;
0.121538 0.0974641 330;
0.151349 0.121979 330;
0.174479 0.123626 330;
0.163323 0.118896 330;
-0.0735145 -0.0267429 330;
-0.128951 -0.0685895 330;
-0.175574 -0.0994524 330;
-0.216008 -0.122924 330;
-0.240276 -0.137566 330;
-0.230205 -0.137112 330;
-0.010836 -0.0020476 340;
0.0429357 0.0163536 340;
0.0909479 0.0475617 340;
0.135263 0.0613468 340;
0.172089 0.091035 340;
0.190791 0.0995621 340;
0.179238 0.0946955 340;
-0.0713678 -0.0238843 340;
-0.135908 -0.0453752 340;
-0.18718 -0.0700225 340;
-0.234387 -0.0881672 340;
-0.258127 -0.0975847 340;
-0.254806 -0.100049 340;
-0.0096797 -0.00716161 350;
0.0413271 0.00937068 350;
0.0820923 0.00901207 350;
0.135013 0.0483499 350;
0.189924 0.0490681 350;
0.207295 0.0644898 350;
0.192669 0.0628512 350;
-0.0774051 -0.0077423 350;
-0.142643 -0.025292 350;
-0.194835 -0.0386252 350;
-0.243092 -0.0490378 350;
-0.269364 -0.0557096 350;
-0.263782 -0.0592502 350;
]

el_inc_min_0 = [-0.269772 -0.0156471 -60;
-0.262815 0.0226224 -60;
-0.248702 0.0645299 -60;
-0.228808 0.0970666 -60;
-0.202963 0.125944 -60;
-0.172489 0.149589 -60;
-0.141849 0.168399 -60;
-0.101135 0.182968 -60;
-0.0701548 0.181367 -60;
-0.0379366 0.184428 -60;
0.00457586 0.181313 -60;
0.0367137 0.170953 -60;
0.060568 0.1607 -60;
0.0905828 0.139383 -60;
0.120913 0.11127 -60;
0.135491 0.0868024 -60;
0.148214 0.0605362 -60;
0.154836 0.0325247 -60;
0.153977 -0.000116474 -60;
0.154271 -0.0389283 -60;
0.151978 -0.0730789 -60;
0.139861 -0.0973413 -60;
0.134425 -0.132938 -60;
0.10441 -0.158261 -60;
0.0780174 -0.186717 -60;
0.0526626 -0.215198 -60;
0.021009 -0.230521 -60;
-0.0189229 -0.237489 -60;
-0.0646592 -0.238011 -60;
-0.104201 -0.234403 -60;
-0.142907 -0.220333 -60;
-0.179133 -0.192152 -60;
-0.208378 -0.16394 -60;
-0.230205 -0.137112 -60;
-0.254806 -0.100049 -60;
-0.263782 -0.0592502 -60;
-0.269364 -0.0557096 -50;
-0.258127 -0.0975847 -50;
-0.240276 -0.137566 -50;
-0.218983 -0.165844 -50;
-0.180789 -0.194671 -50;
-0.141972 -0.219179 -50;
-0.100503 -0.238232 -50;
-0.0615609 -0.247306 -50;
-0.0151338 -0.248225 -50;
0.0266648 -0.242664 -50;
0.0644273 -0.228824 -50;
0.098735 -0.207792 -50;
0.128591 -0.180732 -50;
0.153014 -0.150394 -50;
0.171696 -0.116886 -50;
0.183541 -0.0807766 -50;
0.189411 -0.0499451 -50;
0.182828 0.00597729 -50;
0.18955 0.0439485 -50;
0.176112 0.0709689 -50;
0.160408 0.103729 -50;
0.137653 0.132989 -50;
0.111478 0.158361 -50;
0.0812302 0.179325 -50;
0.0488034 0.195749 -50;
0.014859 0.211848 -50;
-0.0235187 0.209877 -50;
-0.0662522 0.206928 -50;
-0.105522 0.198567 -50;
-0.146277 0.185745 -50;
-0.180048 0.166441 -50;
-0.209701 0.140424 -50;
-0.235185 0.109149 -50;
-0.254715 0.0734035 -50;
-0.267439 0.0342197 -50;
-0.270441 -0.0142574 -50;
-0.243956 -0.0083762 -40;
-0.241242 0.0301349 -40;
-0.231454 0.0674124 -40;
-0.215447 0.100104 -40;
-0.187367 0.132316 -40;
-0.168837 0.14998 -40;
-0.1408 0.172667 -40;
-0.100778 0.195912 -40;
-0.0653316 0.197091 -40;
-0.0263136 0.199691 -40;
0.0119933 0.197907 -40;
0.0466107 0.187685 -40;
0.07799 0.172651 -40;
0.106892 0.152839 -40;
0.131737 0.128757 -40;
0.153502 0.102429 -40;
0.169144 0.0709418 -40;
0.177966 0.037852 -40;
0.182885 0.00222467 -40;
0.182027 -0.0375322 -40;
0.169893 -0.0742956 -40;
0.157276 -0.105622 -40;
0.140668 -0.13978 -40;
0.123573 -0.167631 -40;
0.0959967 -0.192666 -40;
0.0631079 -0.210832 -40;
0.0284618 -0.222556 -40;
-0.0103763 -0.229624 -40;
-0.054512 -0.227324 -40;
-0.0954632 -0.225158 -40;
-0.139159 -0.206942 -40;
-0.164711 -0.186363 -40;
-0.198251 -0.158454 -40;
-0.216008 -0.122924 -40;
-0.234387 -0.0881672 -40;
-0.243092 -0.0490378 -40;
-0.194835 -0.0386252 -30;
-0.18718 -0.0700225 -30;
-0.175574 -0.0994524 -30;
-0.152044 -0.127467 -30;
-0.137528 -0.146483 -30;
-0.117229 -0.164772 -30;
-0.0871741 -0.174093 -30;
-0.0481502 -0.178565 -30;
-0.0115201 -0.179609 -30;
0.0289254 -0.175338 -30;
0.0514863 -0.168752 -30;
0.0780693 -0.156639 -30;
0.100927 -0.144005 -30;
0.120905 -0.117177 -30;
0.12841 -0.0921215 -30;
0.144313 -0.0603967 -30;
0.149182 -0.0284763 -30;
0.149757 0.00342013 -30;
0.141654 0.0382393 -30;
0.137188 0.0665013 -30;
0.129041 0.0905222 -30;
0.114566 0.10569 -30;
0.0874607 0.125121 -30;
0.06298 0.141392 -30;
0.0361808 0.154179 -30;
0.0074539 0.16159 -30;
-0.0234725 0.163597 -30;
-0.0552611 0.161331 -30;
-0.0859637 0.153952 -30;
-0.113716 0.142082 -30;
-0.137701 0.125366 -30;
-0.161811 0.101176 -30;
-0.174594 0.088205 -30;
-0.183448 0.0581711 -30;
-0.19636 0.0252834 -30;
-0.198876 -0.00541105 -30;
-0.14487 -0.00104469 -20;
-0.142374 0.0176214 -20;
-0.137555 0.0378613 -20;
-0.128699 0.0575112 -20;
-0.115955 0.0749719 -20;
-0.102425 0.0836543 -20;
-0.0862289 0.0951915 -20;
-0.066601 0.103179 -20;
-0.0440465 0.111801 -20;
-0.0230435 0.11597 -20;
0.00167154 0.114731 -20;
0.021365 0.108471 -20;
0.0396609 0.101561 -20;
0.0633757 0.0865358 -20;
0.0698413 0.0674512 -20;
0.0805148 0.0663898 -20;
0.094067 0.0451724 -20;
0.0991792 0.0255899 -20;
0.101981 -0.000219682 -20;
0.10047 -0.0207158 -20;
0.0954188 -0.0436325 -20;
0.0872581 -0.0623323 -20;
0.0831026 -0.082456 -20;
0.0699628 -0.0983553 -20;
0.0526981 -0.111238 -20;
0.0303394 -0.122164 -20;
0.0106057 -0.128188 -20;
-0.0153659 -0.129503 -20;
-0.0427365 -0.120289 -20;
-0.0563936 -0.11712 -20;
-0.0739441 -0.109009 -20;
-0.0955463 -0.103297 -20;
-0.114692 -0.0859535 -20;
-0.128951 -0.0685895 -20;
-0.135908 -0.0453752 -20;
-0.142643 -0.025292 -20;
-0.0774051 -0.0077423 -10;
-0.0713678 -0.0238843 -10;
-0.0735145 -0.0267429 -10;
-0.0610807 -0.0391775 -10;
-0.0545881 -0.0484329 -10;
-0.0424661 -0.0559932 -10;
-0.0338006 -0.0583106 -10;
-0.0253556 -0.0706487 -10;
-0.0200274 -0.0717422 -10;
-0.00362196 -0.0625102 -10;
0.0111642 -0.0589756 -10;
0.0255763 -0.0559445 -10;
0.0388657 -0.0507545 -10;
0.0382281 -0.0414024 -10;
0.0422798 -0.0308269 -10;
0.0439117 -0.0237944 -10;
0.0467779 -0.010409 -10;
0.0443844 0.00315558 -10;
0.0430407 0.0187327 -10;
0.0449919 0.0221339 -10;
0.0391738 0.0306737 -10;
0.0313191 0.0387959 -10;
0.0212389 0.0429551 -10;
0.00816567 0.0619123 -10;
-0.000531657 0.0619822 -10;
-0.00530692 0.0622737 -10;
-0.0170432 0.0613798 -10;
-0.0273911 0.0597179 -10;
-0.0424338 0.0577117 -10;
-0.0537989 0.0530962 -10;
-0.061319 0.0477072 -10;
-0.0666292 0.0443364 -10;
-0.0771121 0.0292345 -10;
-0.0707147 0.0262232 -10;
-0.079308 0.00720709 -10;
-0.0802463 0.00487328 -10;
0.00563247 0.00265725 0;
-0.00259712 -0.00537334 0;
-0.017102 0.00738372 0;
-0.0146575 0.00544919 0;
-0.00577369 0.000319957 0;
-0.0124411 0.000305408 0;
-0.012481 0.00114465 0;
-0.0122916 0.00266033 0;
-0.0145833 -0.00201247 0;
-0.00832658 0.00437859 0;
-0.0171577 -0.00403963 0;
-0.017272 -0.00153778 0;
-0.0141798 0.00250567 0;
-0.0171498 0.00501218 0;
-0.0118499 -0.0007101 0;
-0.0102155 -0.00536785 0;
-0.0188406 -0.00133905 0;
-0.010805 -0.00264968 0;
-0.0106364 -9.15002e-05 0;
-0.00976651 -0.00360691 0;
-0.00912644 -0.00623296 0;
-0.0182443 -0.00851972 0;
-0.0177689 -0.000103822 0;
-0.0236581 -0.0014312 0;
-0.0213021 0.00390825 0;
-0.010225 0.0043615 0;
-0.00440709 0.00742976 0;
-0.00818396 0.00851415 0;
-0.0186917 -0.00160635 0;
-0.020116 -0.00639366 0;
-0.0125798 0.00227434 0;
-0.0247614 0.0017564 0;
-0.0148613 0.00431302 0;
-0.010836 -0.0020476 0;
-0.0096797 -0.00716161 0;
]

el_inc_0_max = [0.0413271 0.00937068 10;
0.0429357 0.0163536 10;
0.0602077 0.0241758 10;
0.0617189 0.0384514 10;
0.0305296 0.063017 10;
0.0178949 0.0744621 10;
0.0157483 0.0843543 10;
-0.00340224 0.0805511 10;
-0.0187535 0.057094 10;
-0.0293938 0.0487743 10;
-0.0534333 0.0435224 10;
-0.0553915 0.0341103 10;
-0.0624341 0.0145594 10;
-0.0549312 0.031476 10;
-0.0809282 0.0408104 10;
-0.0910755 0.0262134 10;
-0.088624 0.00458898 10;
-0.0882521 0.00108645 10;
-0.0802081 -0.00901691 10;
-0.075739 -0.0241872 10;
-0.0764539 -0.0354364 10;
-0.0655507 -0.0346226 10;
-0.0599731 -0.0449462 10;
-0.0447011 -0.0614858 10;
-0.0382186 -0.0627269 10;
-0.025796 -0.0681705 10;
-0.0132258 -0.0687727 10;
-0.000687582 -0.0667114 10;
0.014018 -0.0714827 10;
0.0228609 -0.0629971 10;
0.0181593 -0.0645677 10;
0.0258833 -0.0498753 10;
0.0384192 -0.0325067 10;
0.0419061 -0.0273094 10;
0.0277629 0.0018262 10;
0.0294395 0.00697534 10;
0.130881 -0.00700153 20;
0.121774 -0.0345767 20;
0.110207 -0.0415834 20;
0.0912538 -0.0556995 20;
0.0774247 -0.0674759 20;
0.0631708 -0.0626785 20;
0.0540852 -0.0911405 20;
0.0248081 -0.113865 20;
0.0055489 -0.12244 20;
-0.0192681 -0.120615 20;
-0.0353466 -0.125177 20;
-0.0577546 -0.126765 20;
-0.0853771 -0.119039 20;
-0.110182 -0.111249 20;
-0.122661 -0.0895752 20;
-0.125863 -0.0755308 20;
-0.145967 -0.0426768 20;
-0.144082 -0.0186175 20;
-0.125711 -0.015691 20;
-0.126834 0.0120457 20;
-0.130458 0.0202632 20;
-0.130664 0.049486 20;
-0.135784 0.0941604 20;
-0.104962 0.117115 20;
-0.0703253 0.113061 20;
-0.0577877 0.117701 20;
-0.0361337 0.116811 20;
-0.0213021 0.104197 20;
-0.0171667 0.108343 20;
0.00425326 0.105198 20;
0.0269558 0.102628 20;
0.0671378 0.0929374 20;
0.0802708 0.0770048 20;
0.0895371 0.0676026 20;
0.0909479 0.0475617 20;
0.0820923 0.00901207 20;
0.135013 0.0483499 30;
0.135263 0.0613468 30;
0.121538 0.0974641 30;
0.090009 0.119803 30;
0.0847773 0.129673 30;
0.0686017 0.142963 30;
0.0334739 0.158732 30;
0.0139072 0.167493 30;
-0.0106045 0.170819 30;
-0.0483333 0.174048 30;
-0.0730019 0.171617 30;
-0.0986756 0.163864 30;
-0.122865 0.141896 30;
-0.154964 0.115833 30;
-0.174767 0.106424 30;
-0.188652 0.0772272 30;
-0.198859 0.0362797 30;
-0.208514 -0.00941637 30;
-0.206507 -0.0474511 30;
-0.206496 -0.0758602 30;
-0.19795 -0.104863 30;
-0.162981 -0.143967 30;
-0.14456 -0.156007 30;
-0.116585 -0.165803 30;
-0.0880076 -0.170017 30;
-0.044188 -0.180577 30;
-0.02593 -0.184441 30;
0.00264228 -0.178382 30;
0.0504267 -0.184639 30;
0.0808292 -0.179346 30;
0.0988306 -0.162625 30;
0.124962 -0.145775 30;
0.147814 -0.0984141 30;
0.152633 -0.0515876 30;
0.146796 -0.023585 30;
0.154466 0.00465667 30;
0.195401 0.00512564 40;
0.195076 -0.0392179 40;
0.185785 -0.0799433 40;
0.170251 -0.118874 40;
0.151909 -0.137705 40;
0.132825 -0.153076 40;
0.113322 -0.186577 40;
0.0683032 -0.207452 40;
0.0422096 -0.218132 40;
-0.00328913 -0.229503 40;
-0.0480524 -0.22987 40;
-0.0891546 -0.222414 40;
-0.140364 -0.208517 40;
-0.173069 -0.176378 40;
-0.187536 -0.153811 40;
-0.199611 -0.135221 40;
-0.226074 -0.0959863 40;
-0.242104 -0.0468948 40;
-0.253773 0.016814 40;
-0.248094 0.0512414 40;
-0.236424 0.0880949 40;
-0.223022 0.114442 40;
-0.190127 0.147151 40;
-0.163355 0.170392 40;
-0.127731 0.186281 40;
-0.0949751 0.198816 40;
-0.0634927 0.205768 40;
-0.0222597 0.209731 40;
0.0187051 0.20654 40;
0.0502345 0.196268 40;
0.0796419 0.182076 40;
0.104916 0.16791 40;
0.133314 0.142476 40;
0.151349 0.121979 40;
0.172089 0.091035 40;
0.189924 0.0490681 40;
0.207295 0.0644898 50;
0.190791 0.0995621 50;
0.174479 0.123626 50;
0.147162 0.152878 50;
0.117361 0.17794 50;
0.0895558 0.195566 50;
0.0631897 0.216538 50;
0.0215069 0.221492 50;
-0.024339 0.232464 50;
-0.0697059 0.230957 50;
-0.110934 0.223976 50;
-0.151116 0.209553 50;
-0.187853 0.189177 50;
-0.220458 0.161318 50;
-0.246958 0.132579 50;
-0.260387 0.0907986 50;
-0.273937 0.0430838 50;
-0.286498 -0.00596546 50;
-0.284221 -0.0454587 50;
-0.271827 -0.097035 50;
-0.246577 -0.144375 50;
-0.222904 -0.175308 50;
-0.163354 -0.213514 50;
-0.132422 -0.237284 50;
-0.10208 -0.253201 50;
-0.0596843 -0.258201 50;
-0.00714012 -0.266013 50;
0.0287049 -0.256918 50;
0.067205 -0.245543 50;
0.107624 -0.225347 50;
0.141833 -0.197489 50;
0.17141 -0.162692 50;
0.195482 -0.124733 50;
0.209497 -0.091052 50;
0.211368 -0.0375656 50;
0.21523 0.012987 50;
0.199089 0.0248318 60;
0.201111 -0.0365968 60;
0.197718 -0.0797464 60;
0.185659 -0.117383 60;
0.166828 -0.153077 60;
0.140786 -0.190836 60;
0.110058 -0.223079 60;
0.0738837 -0.24357 60;
0.0404249 -0.264791 60;
-0.00878708 -0.265086 60;
-0.048968 -0.267979 60;
-0.0953392 -0.261615 60;
-0.148876 -0.243863 60;
-0.188849 -0.219644 60;
-0.225264 -0.185357 60;
-0.256093 -0.145784 60;
-0.275603 -0.100399 60;
-0.285991 -0.0573454 60;
-0.288978 -0.0156067 60;
-0.285926 0.0361583 60;
-0.2786 0.0804014 60;
-0.258196 0.120726 60;
-0.228677 0.154775 60;
-0.195997 0.184797 60;
-0.157793 0.206485 60;
-0.117343 0.222232 60;
-0.083632 0.22958 60;
-0.0259222 0.229884 60;
0.0145251 0.222205 60;
0.0454381 0.204916 60;
0.0757733 0.187527 60;
0.103634 0.166553 60;
0.131432 0.146647 60;
0.163323 0.118896 60;
0.179238 0.0946955 60;
0.192669 0.0628512 60;
]

