-0.269772 -0.0156471 -60 
-0.262815 0.0226224 -60 
-0.248702 0.0645299 -60 
-0.228808 0.0970666 -60 
-0.202963 0.125944 -60 
-0.172489 0.149589 -60 
-0.141849 0.168399 -60 
-0.101135 0.182968 -60 
-0.0701548 0.181367 -60 
-0.0379366 0.184428 -60 
0.00457586 0.181313 -60 
0.0367137 0.170953 -60 
0.060568 0.1607 -60 
0.0905828 0.139383 -60 
0.120913 0.11127 -60 
0.135491 0.0868024 -60 
0.148214 0.0605362 -60 
0.154836 0.0325247 -60 
0.153977 -0.000116474 -60 
0.154271 -0.0389283 -60 
0.151978 -0.0730789 -60 
0.139861 -0.0973413 -60 
0.134425 -0.132938 -60 
0.10441 -0.158261 -60 
0.0780174 -0.186717 -60 
0.0526626 -0.215198 -60 
0.021009 -0.230521 -60 
-0.0189229 -0.237489 -60 
-0.0646592 -0.238011 -60 
-0.104201 -0.234403 -60 
-0.142907 -0.220333 -60 
-0.179133 -0.192152 -60 
-0.208378 -0.16394 -60 
-0.230205 -0.137112 -60 
-0.254806 -0.100049 -60 
-0.263782 -0.0592502 -60 
-0.269364 -0.0557096 -50 
-0.258127 -0.0975847 -50 
-0.240276 -0.137566 -50 
-0.218983 -0.165844 -50 
-0.180789 -0.194671 -50 
-0.141972 -0.219179 -50 
-0.100503 -0.238232 -50 
-0.0615609 -0.247306 -50 
-0.0151338 -0.248225 -50 
0.0266648 -0.242664 -50 
0.0644273 -0.228824 -50 
0.098735 -0.207792 -50 
0.128591 -0.180732 -50 
0.153014 -0.150394 -50 
0.171696 -0.116886 -50 
0.183541 -0.0807766 -50 
0.189411 -0.0499451 -50 
0.182828 0.00597729 -50 
0.18955 0.0439485 -50 
0.176112 0.0709689 -50 
0.160408 0.103729 -50 
0.137653 0.132989 -50 
0.111478 0.158361 -50 
0.0812302 0.179325 -50 
0.0488034 0.195749 -50 
0.014859 0.211848 -50 
-0.0235187 0.209877 -50 
-0.0662522 0.206928 -50 
-0.105522 0.198567 -50 
-0.146277 0.185745 -50 
-0.180048 0.166441 -50 
-0.209701 0.140424 -50 
-0.235185 0.109149 -50 
-0.254715 0.0734035 -50 
-0.267439 0.0342197 -50 
-0.270441 -0.0142574 -50 
-0.243956 -0.0083762 -40 
-0.241242 0.0301349 -40 
-0.231454 0.0674124 -40 
-0.215447 0.100104 -40 
-0.187367 0.132316 -40 
-0.168837 0.14998 -40 
-0.1408 0.172667 -40 
-0.100778 0.195912 -40 
-0.0653316 0.197091 -40 
-0.0263136 0.199691 -40 
0.0119933 0.197907 -40 
0.0466107 0.187685 -40 
0.07799 0.172651 -40 
0.106892 0.152839 -40 
0.131737 0.128757 -40 
0.153502 0.102429 -40 
0.169144 0.0709418 -40 
0.177966 0.037852 -40 
0.182885 0.00222467 -40 
0.182027 -0.0375322 -40 
0.169893 -0.0742956 -40 
0.157276 -0.105622 -40 
0.140668 -0.13978 -40 
0.123573 -0.167631 -40 
0.0959967 -0.192666 -40 
0.0631079 -0.210832 -40 
0.0284618 -0.222556 -40 
-0.0103763 -0.229624 -40 
-0.054512 -0.227324 -40 
-0.0954632 -0.225158 -40 
-0.139159 -0.206942 -40 
-0.164711 -0.186363 -40 
-0.198251 -0.158454 -40 
-0.216008 -0.122924 -40 
-0.234387 -0.0881672 -40 
-0.243092 -0.0490378 -40 
-0.194835 -0.0386252 -30 
-0.18718 -0.0700225 -30 
-0.175574 -0.0994524 -30 
-0.152044 -0.127467 -30 
-0.137528 -0.146483 -30 
-0.117229 -0.164772 -30 
-0.0871741 -0.174093 -30 
-0.0481502 -0.178565 -30 
-0.0115201 -0.179609 -30 
0.0289254 -0.175338 -30 
0.0514863 -0.168752 -30 
0.0780693 -0.156639 -30 
0.100927 -0.144005 -30 
0.120905 -0.117177 -30 
0.12841 -0.0921215 -30 
0.144313 -0.0603967 -30 
0.149182 -0.0284763 -30 
0.149757 0.00342013 -30 
0.141654 0.0382393 -30 
0.137188 0.0665013 -30 
0.129041 0.0905222 -30 
0.114566 0.10569 -30 
0.0874607 0.125121 -30 
0.06298 0.141392 -30 
0.0361808 0.154179 -30 
0.0074539 0.16159 -30 
-0.0234725 0.163597 -30 
-0.0552611 0.161331 -30 
-0.0859637 0.153952 -30 
-0.113716 0.142082 -30 
-0.137701 0.125366 -30 
-0.161811 0.101176 -30 
-0.174594 0.088205 -30 
-0.183448 0.0581711 -30 
-0.19636 0.0252834 -30 
-0.198876 -0.00541105 -30 
-0.14487 -0.00104469 -20 
-0.142374 0.0176214 -20 
-0.137555 0.0378613 -20 
-0.128699 0.0575112 -20 
-0.115955 0.0749719 -20 
-0.102425 0.0836543 -20 
-0.0862289 0.0951915 -20 
-0.066601 0.103179 -20 
-0.0440465 0.111801 -20 
-0.0230435 0.11597 -20 
0.00167154 0.114731 -20 
0.021365 0.108471 -20 
0.0396609 0.101561 -20 
0.0633757 0.0865358 -20 
0.0698413 0.0674512 -20 
0.0805148 0.0663898 -20 
0.094067 0.0451724 -20 
0.0991792 0.0255899 -20 
0.101981 -0.000219682 -20 
0.10047 -0.0207158 -20 
0.0954188 -0.0436325 -20 
0.0872581 -0.0623323 -20 
0.0831026 -0.082456 -20 
0.0699628 -0.0983553 -20 
0.0526981 -0.111238 -20 
0.0303394 -0.122164 -20 
0.0106057 -0.128188 -20 
-0.0153659 -0.129503 -20 
-0.0427365 -0.120289 -20 
-0.0563936 -0.11712 -20 
-0.0739441 -0.109009 -20 
-0.0955463 -0.103297 -20 
-0.114692 -0.0859535 -20 
-0.128951 -0.0685895 -20 
-0.135908 -0.0453752 -20 
-0.142643 -0.025292 -20 
-0.0774051 -0.0077423 -10 
-0.0713678 -0.0238843 -10 
-0.0735145 -0.0267429 -10 
-0.0610807 -0.0391775 -10 
-0.0545881 -0.0484329 -10 
-0.0424661 -0.0559932 -10 
-0.0338006 -0.0583106 -10 
-0.0253556 -0.0706487 -10 
-0.0200274 -0.0717422 -10 
-0.00362196 -0.0625102 -10 
0.0111642 -0.0589756 -10 
0.0255763 -0.0559445 -10 
0.0388657 -0.0507545 -10 
0.0382281 -0.0414024 -10 
0.0422798 -0.0308269 -10 
0.0439117 -0.0237944 -10 
0.0467779 -0.010409 -10 
0.0443844 0.00315558 -10 
0.0430407 0.0187327 -10 
0.0449919 0.0221339 -10 
0.0391738 0.0306737 -10 
0.0313191 0.0387959 -10 
0.0212389 0.0429551 -10 
0.00816567 0.0619123 -10 
-0.000531657 0.0619822 -10 
-0.00530692 0.0622737 -10 
-0.0170432 0.0613798 -10 
-0.0273911 0.0597179 -10 
-0.0424338 0.0577117 -10 
-0.0537989 0.0530962 -10 
-0.061319 0.0477072 -10 
-0.0666292 0.0443364 -10 
-0.0771121 0.0292345 -10 
-0.0707147 0.0262232 -10 
-0.079308 0.00720709 -10 
-0.0802463 0.00487328 -10 
0.00563247 0.00265725 0 
-0.00259712 -0.00537334 0 
-0.017102 0.00738372 0 
-0.0146575 0.00544919 0 
-0.00577369 0.000319957 0 
-0.0124411 0.000305408 0 
-0.012481 0.00114465 0 
-0.0122916 0.00266033 0 
-0.0145833 -0.00201247 0 
-0.00832658 0.00437859 0 
-0.0171577 -0.00403963 0 
-0.017272 -0.00153778 0 
-0.0141798 0.00250567 0 
-0.0171498 0.00501218 0 
-0.0118499 -0.0007101 0 
-0.0102155 -0.00536785 0 
-0.0188406 -0.00133905 0 
-0.010805 -0.00264968 0 
-0.0106364 -9.15002e-05 0 
-0.00976651 -0.00360691 0 
-0.00912644 -0.00623296 0 
-0.0182443 -0.00851972 0 
-0.0177689 -0.000103822 0 
-0.0236581 -0.0014312 0 
-0.0213021 0.00390825 0 
-0.010225 0.0043615 0 
-0.00440709 0.00742976 0 
-0.00818396 0.00851415 0 
-0.0186917 -0.00160635 0 
-0.020116 -0.00639366 0 
-0.0125798 0.00227434 0 
-0.0247614 0.0017564 0 
-0.0148613 0.00431302 0 
-0.010836 -0.0020476 0 
-0.0096797 -0.00716161 0 
