0.0413271 0.00937068 10 
0.0429357 0.0163536 10 
0.0602077 0.0241758 10 
0.0617189 0.0384514 10 
0.0305296 0.063017 10 
0.0178949 0.0744621 10 
0.0157483 0.0843543 10 
-0.00340224 0.0805511 10 
-0.0187535 0.057094 10 
-0.0293938 0.0487743 10 
-0.0534333 0.0435224 10 
-0.0553915 0.0341103 10 
-0.0624341 0.0145594 10 
-0.0549312 0.031476 10 
-0.0809282 0.0408104 10 
-0.0910755 0.0262134 10 
-0.088624 0.00458898 10 
-0.0882521 0.00108645 10 
-0.0802081 -0.00901691 10 
-0.075739 -0.0241872 10 
-0.0764539 -0.0354364 10 
-0.0655507 -0.0346226 10 
-0.0599731 -0.0449462 10 
-0.0447011 -0.0614858 10 
-0.0382186 -0.0627269 10 
-0.025796 -0.0681705 10 
-0.0132258 -0.0687727 10 
-0.000687582 -0.0667114 10 
0.014018 -0.0714827 10 
0.0228609 -0.0629971 10 
0.0181593 -0.0645677 10 
0.0258833 -0.0498753 10 
0.0384192 -0.0325067 10 
0.0419061 -0.0273094 10 
0.0277629 0.0018262 10 
0.0294395 0.00697534 10 
0.130881 -0.00700153 20 
0.121774 -0.0345767 20 
0.110207 -0.0415834 20 
0.0912538 -0.0556995 20 
0.0774247 -0.0674759 20 
0.0631708 -0.0626785 20 
0.0540852 -0.0911405 20 
0.0248081 -0.113865 20 
0.0055489 -0.12244 20 
-0.0192681 -0.120615 20 
-0.0353466 -0.125177 20 
-0.0577546 -0.126765 20 
-0.0853771 -0.119039 20 
-0.110182 -0.111249 20 
-0.122661 -0.0895752 20 
-0.125863 -0.0755308 20 
-0.145967 -0.0426768 20 
-0.144082 -0.0186175 20 
-0.125711 -0.015691 20 
-0.126834 0.0120457 20 
-0.130458 0.0202632 20 
-0.130664 0.049486 20 
-0.135784 0.0941604 20 
-0.104962 0.117115 20 
-0.0703253 0.113061 20 
-0.0577877 0.117701 20 
-0.0361337 0.116811 20 
-0.0213021 0.104197 20 
-0.0171667 0.108343 20 
0.00425326 0.105198 20 
0.0269558 0.102628 20 
0.0671378 0.0929374 20 
0.0802708 0.0770048 20 
0.0895371 0.0676026 20 
0.0909479 0.0475617 20 
0.0820923 0.00901207 20 
0.135013 0.0483499 30 
0.135263 0.0613468 30 
0.121538 0.0974641 30 
0.090009 0.119803 30 
0.0847773 0.129673 30 
0.0686017 0.142963 30 
0.0334739 0.158732 30 
0.0139072 0.167493 30 
-0.0106045 0.170819 30 
-0.0483333 0.174048 30 
-0.0730019 0.171617 30 
-0.0986756 0.163864 30 
-0.122865 0.141896 30 
-0.154964 0.115833 30 
-0.174767 0.106424 30 
-0.188652 0.0772272 30 
-0.198859 0.0362797 30 
-0.208514 -0.00941637 30 
-0.206507 -0.0474511 30 
-0.206496 -0.0758602 30 
-0.19795 -0.104863 30 
-0.162981 -0.143967 30 
-0.14456 -0.156007 30 
-0.116585 -0.165803 30 
-0.0880076 -0.170017 30 
-0.044188 -0.180577 30 
-0.02593 -0.184441 30 
0.00264228 -0.178382 30 
0.0504267 -0.184639 30 
0.0808292 -0.179346 30 
0.0988306 -0.162625 30 
0.124962 -0.145775 30 
0.147814 -0.0984141 30 
0.152633 -0.0515876 30 
0.146796 -0.023585 30 
0.154466 0.00465667 30 
0.195401 0.00512564 40 
0.195076 -0.0392179 40 
0.185785 -0.0799433 40 
0.170251 -0.118874 40 
0.151909 -0.137705 40 
0.132825 -0.153076 40 
0.113322 -0.186577 40 
0.0683032 -0.207452 40 
0.0422096 -0.218132 40 
-0.00328913 -0.229503 40 
-0.0480524 -0.22987 40 
-0.0891546 -0.222414 40 
-0.140364 -0.208517 40 
-0.173069 -0.176378 40 
-0.187536 -0.153811 40 
-0.199611 -0.135221 40 
-0.226074 -0.0959863 40 
-0.242104 -0.0468948 40 
-0.253773 0.016814 40 
-0.248094 0.0512414 40 
-0.236424 0.0880949 40 
-0.223022 0.114442 40 
-0.190127 0.147151 40 
-0.163355 0.170392 40 
-0.127731 0.186281 40 
-0.0949751 0.198816 40 
-0.0634927 0.205768 40 
-0.0222597 0.209731 40 
0.0187051 0.20654 40 
0.0502345 0.196268 40 
0.0796419 0.182076 40 
0.104916 0.16791 40 
0.133314 0.142476 40 
0.151349 0.121979 40 
0.172089 0.091035 40 
0.189924 0.0490681 40 
0.207295 0.0644898 50 
0.190791 0.0995621 50 
0.174479 0.123626 50 
0.147162 0.152878 50 
0.117361 0.17794 50 
0.0895558 0.195566 50 
0.0631897 0.216538 50 
0.0215069 0.221492 50 
-0.024339 0.232464 50 
-0.0697059 0.230957 50 
-0.110934 0.223976 50 
-0.151116 0.209553 50 
-0.187853 0.189177 50 
-0.220458 0.161318 50 
-0.246958 0.132579 50 
-0.260387 0.0907986 50 
-0.273937 0.0430838 50 
-0.286498 -0.00596546 50 
-0.284221 -0.0454587 50 
-0.271827 -0.097035 50 
-0.246577 -0.144375 50 
-0.222904 -0.175308 50 
-0.163354 -0.213514 50 
-0.132422 -0.237284 50 
-0.10208 -0.253201 50 
-0.0596843 -0.258201 50 
-0.00714012 -0.266013 50 
0.0287049 -0.256918 50 
0.067205 -0.245543 50 
0.107624 -0.225347 50 
0.141833 -0.197489 50 
0.17141 -0.162692 50 
0.195482 -0.124733 50 
0.209497 -0.091052 50 
0.211368 -0.0375656 50 
0.21523 0.012987 50 
0.199089 0.0248318 60 
0.201111 -0.0365968 60 
0.197718 -0.0797464 60 
0.185659 -0.117383 60 
0.166828 -0.153077 60 
0.140786 -0.190836 60 
0.110058 -0.223079 60 
0.0738837 -0.24357 60 
0.0404249 -0.264791 60 
-0.00878708 -0.265086 60 
-0.048968 -0.267979 60 
-0.0953392 -0.261615 60 
-0.148876 -0.243863 60 
-0.188849 -0.219644 60 
-0.225264 -0.185357 60 
-0.256093 -0.145784 60 
-0.275603 -0.100399 60 
-0.285991 -0.0573454 60 
-0.288978 -0.0156067 60 
-0.285926 0.0361583 60 
-0.2786 0.0804014 60 
-0.258196 0.120726 60 
-0.228677 0.154775 60 
-0.195997 0.184797 60 
-0.157793 0.206485 60 
-0.117343 0.222232 60 
-0.083632 0.22958 60 
-0.0259222 0.229884 60 
0.0145251 0.222205 60 
0.0454381 0.204916 60 
0.0757733 0.187527 60 
0.103634 0.166553 60 
0.131432 0.146647 60 
0.163323 0.118896 60 
0.179238 0.0946955 60 
0.192669 0.0628512 60 
