0 11.781742517748624
0 7.965642744381613
0 1.236156240148039
0 359.0983426034095
0 0.7320119611933991
0 2.8270788204800583
0 1.1631615012581342
0 2.154381708048915
0 2.213173427997911
0 1.316279239168335
5 19.208072529609527
5 11.40534168869593
5 4.390173835828474
5 1.6740205627376672
5 1.9160648674263348
5 2.0453341806822856
5 2.5783605829444625
5 3.482520065470286
5 2.4855305467424005
5 4.264429300226578
10 18.723463318884942
10 19.001233402921617
10 8.199191983837924
10 5.192356168798064
10 0.9529024619773097
10 0.9779631155626358
10 3.4106867623450867
10 3.216641516679319
10 3.568713780568501
10 4.337845484745735
10 4.889162859248348
15 25.281017524248803
15 12.602701086654719
15 14.598643713620323
15 8.574033733275229
15 5.29274016377418
15 2.1837090034066478
15 2.413536342248193
15 3.3713708802583433
15 5.390371600719508
15 4.460966451418269
15 6.699959360206474
20 24.789814141348877
20 12.30319066757518
20 16.480982607772894
20 11.036987781216343
20 4.339897609286687
20 2.56198948136716
20 1.90449981687863
20 3.3447620328471466
20 6.105084377292453
20 4.924903648950483
20 4.796955731831886
25 34.44999913480308
25 14.666884461503209
25 14.770830168544613
25 10.36064459400341
25 6.457648385156389
25 4.056550614725367
25 2.176894374289599
25 3.11199359601029
25 4.365075386464845
25 4.926670219209793
25 5.855273590014605
30 42.25586224223535
30 14.946754526900364
30 13.748189039541934
30 12.282910390719238
30 8.557560001908179
30 5.82000405149261
30 3.31807243461612
30 2.592017850609132
30 4.084369105942578
30 4.4261143742909965
30 5.754255919610031
35 46.039503643396685
35 19.003556956309744
35 12.611178834996451
35 12.441442129602045
35 10.343034728302712
35 6.239685600282236
35 3.626567907505944
35 3.160126407042654
35 3.1681361065294738
35 6.089337307639823
35 5.743673718170292
40 47.388990800873216
40 15.743692007026837
40 10.78296843341407
40 15.524733648112559
40 9.51364049084519
40 5.48302662697818
40 3.4719030075043875
40 2.3402919928853407
40 4.384106540043518
40 4.287008862137732
40 5.783268653639851
45 39.38830054496944
45 20.929787067798983
45 11.75776214151059
45 13.6370226796519
45 8.971028448879892
45 5.802979645341409
45 3.7866735551834836
45 2.7954617127587156
45 3.0424315404573576
45 5.641422455393382
45 5.90841472028545
50 36.5487453864682
50 25.091147084872375
50 12.682140110866882
50 12.224357831395885
50 10.320799628297983
50 6.516856570669702
50 5.965378818167402
50 2.910558192111921
50 3.8756076486829016
50 4.794640669333447
50 6.2224436864811
55 35.68006652442867
55 28.70739263705464
55 12.60918684449419
55 11.827513062446116
55 9.908769720325935
55 7.130064353380845
55 4.958954059355321
55 2.950639889401806
55 3.9919422398941435
55 4.6462494519688775
55 6.437417749122034
60 45.92460765044103
60 29.371532732430722
60 13.966390754951831
60 11.420753417730708
60 9.95246809780457
60 7.091631382994407
60 4.388646338930187
60 2.126210420250267
60 3.689936980843669
60 3.4926024612175013
60 6.792169834411126
65 29.845828824051353
65 13.120179361676605
65 10.88904837880959
65 12.102488400651964
65 7.373864850792273
65 4.111448671489143
65 2.9036324934190105
65 3.730428301435694
65 5.321825824851402
65 4.60615272707193
70 52.267329971655315
70 26.96442504970132
70 20.22545818857988
70 11.204239969722266
70 9.272089166950977
70 7.820207806769702
70 4.075993384852808
70 2.147675734350713
70 3.668099688493058
70 3.520887751614751
70 4.9705428168147705
75 26.11612421897479
75 20.536785222821635
75 9.859888021102421
75 7.774250678990484
75 6.919423541391453
75 4.104399856793847
75 2.3983265597723005
75 3.7005191456218114
75 4.341371893204524
75 4.524951177586459
80 39.596419416186265
80 26.602385710750738
80 21.98246123083115
80 6.9469749084227885
80 9.337723716372508
80 6.056789326933895
80 4.2189199137718845
80 3.35879947469995
80 3.6086977808014353
80 4.363302205569667
80 4.746216199918464
85 42.87765312826893
85 22.694449510317966
85 21.336260319814485
85 9.126160177514876
85 9.573300943591903
85 6.800377142591884
85 2.0806935560826076
85 5.5308310265744325
85 5.214792827276611
85 5.003486611205233
85 4.843427348460352
90 45.008963088648784
90 28.78686311230358
90 22.20450409476284
90 11.352879407292107
90 9.39403627903522
90 7.3738782668227
90 3.1759259344533035
90 4.832300425508635
90 4.820433464186053
90 6.187490926668332
90 5.08982722140972
95 39.23167217742255
95 38.61692853072202
95 30.494052714063244
95 22.089168696449818
95 14.023239118563154
95 9.099512072291134
95 5.360177108138515
95 5.395337706218498
95 7.4058932710235865
95 6.005641409225774
95 5.208860987898035
95 5.554117239015483
100 42.45151947205514
100 33.81764579741741
100 24.677668777061697
100 19.824915872987148
100 12.565237991587253
100 12.03638237304439
100 4.492702793314507
100 6.986575919011969
100 6.7545565249860715
100 6.179579406430648
100 5.863508903728331
100 5.874973336518778
105 48.1547150006015
105 26.957645354659718
105 18.392233562206812
105 17.4179563428455
105 11.883816190781374
105 14.9440701937868
105 5.653218628596036
105 8.06650982955513
105 6.681355408762414
105 5.864348292123765
105 5.345626567144734
105 5.265793319099075
110 26.65010078484019
110 14.107813845063063
110 12.977899039475417
110 14.778127632788966
110 12.494339909803486
110 1.9171409122206597
110 8.116265706453348
110 6.8223307406815366
110 5.776955401299659
110 4.9282029938470515
110 5.149678084357205
115 43.24168810110589
115 26.376155107891293
115 18.366563009515744
115 11.773427652274606
115 13.249286597743634
115 9.458069765581797
115 6.132306112475263
115 8.116212796018502
115 6.630573904723377
115 6.431189301402725
115 5.113461569660629
115 5.206535002973553
120 34.18407415290977
120 26.69459810039953
120 13.68566837684341
120 6.470346666096461
120 12.94904512996203
120 5.9519275725478735
120 9.402455248148215
120 9.166424211541738
120 5.432672394309364
120 5.370548022509595
120 5.682259786767446
120 5.074813168378597
125 23.596598685993627
125 21.29593011535428
125 6.2944708110235865
125 9.513924692473637
125 3.4935387806468725
125 9.303816760957915
125 7.250742188694005
125 5.724794708866085
125 7.186337942149379
125 5.901268894813882
125 5.733886798332293
130 38.026905545572504
130 21.418135599164856
130 26.74644562175419
130 11.128949795495771
130 7.075167644128527
130 5.229092340374734
130 6.306520968979839
130 5.8245537564331755
130 5.931366677574971
130 7.562486015284435
130 6.377888991930433
130 5.734990707256429
135 36.09353941372083
135 24.707012056031175
135 26.833632434209676
135 14.342246028873575
135 1.977871755663955
135 4.33909761810807
135 6.415212241166756
135 7.18981387320153
135 6.377261647583168
135 6.161368528723756
135 4.542648515926288
135 5.423921968760993
140 35.93449915370667
140 25.004155629577298
140 21.965524791230223
140 11.52327085304546
140 5.047717632070032
140 5.142551344618823
140 7.609092792329648
140 7.21490887122269
140 6.573731949157178
140 5.595956065671118
140 5.614649661611878
140 4.861386921912555
145 37.069566188712656
145 27.218520145809094
145 26.289908943178773
145 8.397885917328125
145 5.477217632856849
145 9.615241119958341
145 8.195942262158127
145 7.732580250212408
145 5.782627194284117
145 5.16169165870852
145 5.086261242527939
145 4.620028674388493
150 37.159213196467334
150 25.06214888589301
150 18.630605712122588
150 7.8041592160860205
150 4.488667420520329
150 10.715573248913984
150 9.545031123525405
150 6.230236537156827
150 5.290360447672867
150 5.207236132342672
150 4.563781484833726
150 3.5535459762945436
155 35.410516349596946
155 17.69844812321253
155 16.55912442913271
155 5.854777103726633
155 6.07914176709761
155 10.215110546069553
155 9.26966061322733
155 5.386198790320293
155 5.197411622556416
155 5.0766509745436394
155 4.496306696264924
155 4.0811070606622195
160 33.55738738116219
160 9.222685913321442
160 9.893768877121857
160 10.429331874942847
160 10.570813636656368
160 10.134530424741428
160 7.253523000530123
160 6.7478333033835725
160 5.047237766156087
160 6.391388559061625
160 3.695669997347636
160 2.470316151775023
165 19.268277693301172
165 7.158954389455715
165 2.5153618306596
165 13.704372019153311
165 16.645968741083777
165 12.125661824356087
165 6.803065307177292
165 5.140889120010684
165 5.6885483152259155
165 5.515301186486283
165 3.1267481675348563
165 3.5348695621997024
170 4.568762266774172
170 14.992844901566485
170 11.100863645397624
170 9.65615088701108
170 5.656456075066217
170 6.609207826598805
170 6.242676344340481
170 3.7004322636067
170 3.888952446606055
170 2.725264705838498
175 26.101001815053394
175 10.821142955161292
175 9.420069461121244
175 11.550762890385869
175 8.384176706796893
175 7.241140303613406
175 5.415260187946785
175 5.8979767214046035
175 4.005154499549064
175 4.512417971280996
175 3.7989753730555833
175 2.2629973383501465
180 15.47491250720384
180 11.566874391507895
180 13.802235039306822
180 7.309499703146514
180 4.99937602943487
180 5.053676400359393
180 5.329737474629042
180 4.756651739455094
180 4.1527626555093775
180 3.60099638983354
180 2.079731672540703
185 15.439249598111104
185 16.344474565432478
185 11.92056260038342
185 6.295991660385482
185 4.910599783071575
185 4.624566973954103
185 4.22160094075474
185 3.75522038757083
185 3.2681367835087656
185 3.316475482426199
185 2.153040046256109
190 15.08205168969468
190 10.469965370692819
190 6.9668418799464575
190 5.548417039280082
190 2.6034532313088334
190 4.038016800676729
190 3.6869733392313435
190 2.9330522869353786
190 2.619376862184282
190 1.2754305901298153
190 1.4754269050610844
195 18.505322827716384
195 5.777213349819675
195 4.766522517308886
195 5.816424341526243
195 2.323264098977944
195 3.3176908518351524
195 2.739356455149448
195 1.5023566754245792
195 1.8575599922421304
195 2.1710124708675664
195 2.8741167876543727
200 19.903475388991268
200 5.719212160910445
200 2.6239135712544623
200 6.540787619780474
200 1.1975059432910484
200 2.352289420494003
200 1.9890402024044533
200 1.2700977845390753
200 0.5740229443359226
200 0.8458672808344829
200 1.0978209967779833
205 19.7231585814026
205 3.312823777031781
205 0.8212930924985926
205 0.7763715781384519
205 0.7497293601949195
205 1.047109172331659
205 0.5003808278841007
205 0.13137793774743045
205 0.3249272827611378
205 0.15485969106478592
205 1.5355461962377035
210 10.422357314107416
210 0.6076664219461634
210 3.1068270317469455
210 1.0195257664319115
210 0.4585732607307591
210 0.36537473938389553
210 0.053418180767693
210 0.40613254566920887
210 0.7884657693241763
210 0.20245001356798298
210 1.5646984662003263
215 6.793198472936325
215 0.6485426565693615
215 0.7146032704646359
215 0.139065475033874
215 1.044763348757158
215 0.09426859332515392
215 0.074786877223886
215 0.373851040472573
215 0.4096429149138885
215 0.44299707941493693
215 1.994103359668344
220 4.709940713775296
220 3.3684286065845868
220 0.1128878266277411
220 0.10139651419189022
220 0.9643422652391962
220 0.43992839746422874
220 0.4741651324537486
220 0.6501663206191495
220 0.6263818246864616
220 1.6926911457693734
220 1.692128491937865
225 7.1886877049474265
225 2.896868919203939
225 1.7764756226874283
225 0.86495628295188
225 0.8145728677285717
225 0.3747029058707483
225 0.25036354704275254
225 0.6896586817167645
225 0.6122859249556996
225 0.26774092400398786
225 0.16936830912777623
230 3.2108030365294553
230 2.473464729140119
230 3.3212597410353055
230 1.9168497500321564
230 1.267154459135753
230 1.0993121901100267
230 2.364640060792965
230 1.6131325739040108
230 0.6214674553202997
230 1.447912736404703
230 0.9451729151942061
235 1.841058700493818
235 0.38699574160739303
235 4.505367708607906
235 1.841748016398384
235 1.734021303994723
235 1.176390277991743
235 0.2214978861819361
235 1.7336899643526351
235 0.14914163962677662
235 1.7937502136596493
235 4.509999921975691
240 3.4593936087262875
240 0.3522641722248636
240 1.4915908446516255
240 0.6870589568194418
240 1.1517579405634422
240 1.0764931993726918
240 0.4025931242997274
240 1.7831487272859192
240 0.031325719797848706
240 5.426522585957429
240 3.5479118297114667
245 5.512800188593388
245 4.611144373052298
245 2.838868973515588
245 1.4299050727080953
245 1.6195953541335655
245 0.6970661485619587
245 1.1874761982211623
245 1.5735792382657507
245 0.027366411215240305
245 3.4841483757329854
245 3.983776757627055
250 8.384396240238686
250 0.9327310284008945
250 0.808949429506356
250 0.45431675639099467
250 2.449133165375798
250 1.9082412884432927
250 1.1095305123714638
250 1.6451296186729678
250 3.38397584551268
250 2.095248392273305
250 4.534350870270401
255 8.888651881958594
255 3.758036799706815
255 1.8105245752792882
255 1.0502560697543117
255 1.00207691958974
255 1.6878398014026743
255 1.6116516853415703
255 1.4794821831624176
255 4.8647996187294495
255 1.3254231154172942
255 4.36847915293535
260 4.816483124376418
260 0.8175714204598421
260 0.8667418091368972
260 1.995774984916352
260 0.946708765009987
260 0.8258417207033517
260 1.0216330544805032
260 1.3723625957359786
260 3.5045564962553613
260 4.430357733810695
260 2.7878748835657348
265 12.062098821969983
265 4.138726278066827
265 2.748646151718731
265 3.2823679288155176
265 2.0312454883449504
265 1.7293157334170814
265 0.2630640471487027
265 1.3515816841177184
265 1.996115100250961
265 4.743064541976196
265 1.3385625226081856
270 19.021247414886545
270 6.4080656681675805
270 2.8435948889190286
270 2.468029336066593
270 3.7599564975138264
270 1.725872165154101
270 0.9043410627207891
270 1.7564462307344684
270 0.531619092923961
270 4.039477635251103
270 4.592597568604788
275 21.129572325458525
275 7.7346421133123044
275 5.351617108618825
275 4.157510787723822
275 4.705153553746811
275 4.0550271658648285
275 1.1740621413176768
275 0.8054424966358624
275 0.05440118826516027
275 0.05717547491235564
275 2.998081478081758
280 18.163437235140066
280 7.540523043001372
280 3.393948946310786
280 1.0160959474762876
280 1.6695201858914857
280 0.632550185827256
280 1.193855804557245
280 1.2686053837197164
280 0.8206554084811728
280 0.06905479737025644
280 1.2286791599345293
285 15.187344029892813
285 4.86338422064847
285 5.032135348449401
285 4.1307323170015025
285 2.523452470320649
285 3.2413467979926054
285 2.7220398591991284
285 0.6956596728284694
285 0.7270145391885308
285 0.09388568160801469
285 0.16622879174633454
290 25.845909139613582
290 11.302595462381873
290 2.6461902662420016
290 4.753445211538576
290 2.738245483392973
290 1.7118597234961044
290 0.13337537239743824
290 0.716061142718786
290 0.5765646078521058
290 0.24780950021840908
290 1.1138198646819433
295 6.627760399523595
295 7.84187771174021
295 3.3103482856013215
295 2.540564468800028
295 1.9501997667952082
295 2.84064395635761
295 0.6402486598943256
295 0.26304948424234453
295 0.2414392156187546
295 1.1472195716821716
300 8.057365284363186
300 6.032753198324258
300 3.116330485946321
300 2.4918475296236124
300 1.9343113313439062
300 1.317312587500794
300 0.7356540610859952
300 0.02490321061901568
300 0.5057223180684218
300 1.121071257698759
305 6.341982934396356
305 4.500907039507808
305 3.8927529402274104
305 2.717223618005505
305 1.9377776570449328
305 1.4389560986189167
305 1.8111216732312982
305 0.2285489355926984
305 1.985876356205324
305 1.6326746293456722
310 1.9051167087131944
310 1.8999102165841464
310 2.5140243441171037
310 3.552936249447214
310 2.205261391193119
310 2.135249163041692
310 0.08833491446546304
310 0.39400332052605336
310 0.6923268169562107
310 0.08466329257049665
315 5.513469242490601
315 2.613815928796271
315 3.618587553788359
315 3.820960991073605
315 2.289122922610602
315 0.009871552610661638
315 1.8621839975442072
315 0.5938541182157451
315 0.5328391452889605
315 0.19016024026109335
320 9.027120496532973
320 4.5797006080451865
320 0.35999657915931493
320 1.822295807711896
320 0.5262421537855744
320 1.7494887621716089
320 0.5140455050763535
320 1.3246998091576074
320 0.5748867442615619
320 0.3503705905470156
325 4.0749405648636525
325 2.226369485660598
325 1.5161206778281553
325 0.9229996963848066
325 0.7338952857649019
325 0.668460092634632
325 0.26254020900512387
325 0.753939291860604
325 0.07201695563708199
325 0.35416069637778946
330 6.7779280415536505
330 4.630953548686648
330 0.1284347041379874
330 0.5420241667854384
330 1.6027044183151702
330 1.2201694773566487
330 2.180270576569285
330 0.6933235160952904
330 0.7574711899201247
330 0.15148581693722463
335 8.24883121591273
335 3.4798776591129013
335 1.038929224707772
335 0.2972162897250996
335 1.1132799549791912
335 1.0073441787736215
335 0.26385527078201676
335 1.079788730797759
335 2.011326282823859
335 1.4401890882958241
340 4.912037803956991
340 0.6841458399444491
340 1.6908750755440565
340 1.1965767499569893
340 0.6220379718374147
340 0.305074150398184
340 0.5890986468180586
340 0.8269504680891941
340 0.43542712505609416
340 0.5606180421050908
345 3.4136350731026823
345 6.118029417275466
345 1.533468116566553
345 0.5313489083156355
345 0.003571475342937447
345 0.16187025269897504
345 0.6442345258619753
345 1.532582318172274
345 1.7694676782139709
345 0.9710339992836907
350 348.9505916750157
350 3.987071084795616
350 0.14702594611111408
350 0.3113730633426144
350 1.900175688255672
350 0.0936136948970443
350 0.20759095886472778
350 1.3485256141442505
350 0.5445925670165366
350 0.8446897251499763
