0.0289362 -0.0405092 0 
0.0180137 -0.0360903 0 
-0.0035929 -0.0253222 0 
-0.00445961 -0.039755 0 
0.00171972 -0.0370169 0 
-0.00652841 -0.0305581 0 
-0.0143115 -0.0237104 0 
-0.0222574 -0.0195344 0 
-0.0279296 -0.0140946 0 
-0.0292786 -0.0057241 0 
-0.0259398 -0.0171452 0 
-0.0241382 -0.0234809 0 
-0.0282787 -0.0181671 0 
-0.0304106 -0.0235958 0 
-0.0300255 -0.0252998 0 
-0.0290132 -0.0261442 0 
-0.0329479 -0.0286558 0 
-0.0302581 -0.0381899 0 
-0.0322185 -0.0382262 0 
-0.0369861 -0.0379916 0 
-0.0432568 -0.0332503 0 
-0.0460205 -0.0232923 0 
-0.0461952 -0.0137558 0 
-0.0483329 -0.019291 0 
-0.0499903 -0.0241834 0 
-0.0468877 -0.0113963 0 
-0.0577533 -0.0122475 0 
-0.0540063 -0.0084634 0 
-0.0572446 -0.0040687 0 
-0.0565523 0.0020436 0 
-0.0543657 0.00682867 0 
-0.0506724 0.00930974 0 
-0.0535199 0.0129057 0 
-0.0535839 0.00399916 0 
-0.0448323 0.0153976 0 
-0.0493905 0.0190592 0 
-0.0350397 0.0177377 0 
-0.0263732 0.0169737 0 
-0.0105815 0.0111946 0 
-0.0204591 0.01973 0 
-0.0249326 0.0251388 0 
-0.0205528 0.028381 0 
-0.00940842 0.0220611 0 
-0.00885064 0.0220728 0 
-0.0111661 0.0297531 0 
-0.00968125 0.0429799 0 
-0.0111634 0.0403113 0 
-0.0165671 0.0441266 0 
-0.0160246 0.0410511 0 
-0.0120456 0.0386851 0 
-0.016596 0.0386908 0 
0.00271781 0.0351133 0 
0.00950223 0.0311648 0 
0.0115801 0.0354673 0 
0.02 0.0269853 0 
0.0250427 0.0239385 0 
0.00919179 0.0142251 0 
0.00364857 0.010769 0 
-1.72702e-05 0.00439767 0 
-0.0084949 0.00143396 0 
-0.0176496 0.00244944 0 
-0.0132391 -1.96687e-05 0 
-0.0189994 -0.00174459 0 
0.00214342 -0.00870727 0 
0.00564211 -0.0106786 0 
0.00480388 -0.00920501 0 
0.0117146 -0.0105313 0 
0.00792456 -0.0105336 0 
0.000288616 -0.0107828 0 
0.00659865 -0.0184497 0 
0.0219839 -0.019826 0 
0.0372719 -0.00779904 5 
0.0372932 -0.00197186 5 
0.0340073 -0.00062948 5 
0.0461706 0.000723574 5 
0.039256 0.00682966 5 
0.0162446 0.0192448 5 
0.0140386 0.0268003 5 
0.00984867 0.0273014 5 
0.0149203 0.0295121 5 
0.021319 0.0368441 5 
0.0262608 0.0354429 5 
0.0287537 0.038496 5 
0.0393089 0.038165 5 
0.0281565 0.0484023 5 
0.0249064 0.0465215 5 
0.0240321 0.0489916 5 
0.0178911 0.051897 5 
0.0069865 0.0563951 5 
-0.00523755 0.057735 5 
-0.00616761 0.0576038 5 
-0.0105946 0.0515416 5 
-0.020618 0.0582648 5 
-0.0354372 0.0536223 5 
-0.0411696 0.0549504 5 
-0.0441004 0.0589734 5 
-0.0460046 0.0592846 5 
-0.0543574 0.0538098 5 
-0.0574562 0.0513595 5 
-0.0574011 0.0488908 5 
-0.0547041 0.054178 5 
-0.0566646 0.0473848 5 
-0.0509665 0.0337408 5 
-0.0481083 0.0225172 5 
-0.0527739 0.0196676 5 
-0.0593759 0.0164384 5 
-0.0632846 0.00645181 5 
-0.049533 -0.00384583 5 
-0.0566287 -0.0077985 5 
-0.0676344 -0.0128742 5 
-0.0791451 -0.0101409 5 
-0.0879939 -0.0076023 5 
-0.0824976 -0.0112736 5 
-0.0780938 -0.0209191 5 
-0.0731007 -0.0270306 5 
-0.0680773 -0.037089 5 
-0.0673115 -0.0410926 5 
-0.0644399 -0.0423378 5 
-0.0547976 -0.0437817 5 
-0.0481679 -0.0454704 5 
-0.0429885 -0.0478146 5 
-0.0444366 -0.0463095 5 
-0.0465782 -0.048883 5 
-0.0393195 -0.0393072 5 
-0.0312062 -0.0401184 5 
-0.0256773 -0.0452068 5 
-0.0256745 -0.0414654 5 
-0.0274384 -0.0434581 5 
-0.021966 -0.040397 5 
-0.0145943 -0.0511503 5 
-0.000618204 -0.0520814 5 
0.00313036 -0.0519056 5 
0.0058284 -0.0593179 5 
0.00253089 -0.0554992 5 
0.0090376 -0.0573169 5 
0.020685 -0.0646427 5 
0.0369672 -0.0626328 5 
0.0483168 -0.0479636 5 
0.0512092 -0.0433994 5 
0.051018 -0.0279587 5 
0.0391286 -0.0184709 5 
0.0314585 -0.00296048 5 
0.066085 -0.0137839 10 
0.0595295 -0.0267637 10 
0.0688994 -0.0381935 10 
0.053052 -0.0277381 10 
0.0509139 -0.0321904 10 
0.0544437 -0.0451469 10 
0.0544458 -0.0543447 10 
0.0593693 -0.0817255 10 
0.0589827 -0.0866072 10 
0.0453577 -0.10154 10 
0.0281743 -0.105821 10 
0.0111114 -0.100765 10 
0.00101149 -0.0922113 10 
-0.00708717 -0.0835969 10 
-0.0109243 -0.0894303 10 
-0.0174624 -0.0888742 10 
-0.0252956 -0.0848395 10 
-0.0244678 -0.0766934 10 
-0.0416824 -0.0758612 10 
-0.0475411 -0.0666648 10 
-0.0468128 -0.0676626 10 
-0.0455071 -0.0690355 10 
-0.0439527 -0.0648988 10 
-0.0602208 -0.0637562 10 
-0.0548607 -0.0574372 10 
-0.0698651 -0.0466014 10 
-0.0854905 -0.0367359 10 
-0.0845514 -0.0277441 10 
-0.0825861 -0.0268888 10 
-0.0817099 -0.0125181 10 
-0.0932248 -0.0187456 10 
-0.0929916 -0.0137996 10 
-0.088035 -0.0156913 10 
-0.0874509 -0.0193628 10 
-0.0821159 -0.00780741 10 
-0.0923714 0.00714014 10 
-0.107089 0.0219177 10 
-0.11835 0.0462486 10 
-0.11155 0.0416402 10 
-0.105747 0.0401214 10 
-0.102907 0.0495683 10 
-0.0990815 0.0533785 10 
-0.0904236 0.0534927 10 
-0.0830422 0.0567569 10 
-0.0809325 0.060175 10 
-0.0672626 0.0607831 10 
-0.0583731 0.0760004 10 
-0.0552623 0.077799 10 
-0.0463776 0.0814812 10 
-0.0313323 0.0843002 10 
-0.0303823 0.0794272 10 
-0.0168141 0.0845922 10 
-0.0134297 0.0830789 10 
-0.00125969 0.0837939 10 
0.0092213 0.0821054 10 
0.0173548 0.0767928 10 
0.0251394 0.0795358 10 
0.0274365 0.0759441 10 
0.0429183 0.070581 10 
0.0407118 0.0661043 10 
0.0467906 0.0597658 10 
0.0495251 0.05629 10 
0.047786 0.0532488 10 
0.0552101 0.0454899 10 
0.0658454 0.0395215 10 
0.0551973 0.0330677 10 
0.0481923 0.0360235 10 
0.0462813 0.030342 10 
0.0535165 0.0248552 10 
0.0619449 0.0127001 10 
0.0688406 -0.001261 10 
0.087642 0.0218306 15 
0.0807085 0.031172 15 
0.0866219 0.0327043 15 
0.0863898 0.0340649 15 
0.091509 0.0433911 15 
0.08024 0.0516589 15 
0.0798643 0.0567992 15 
0.0718901 0.0656129 15 
0.0654688 0.0729664 15 
0.06341 0.07692 15 
0.0596485 0.0820005 15 
0.0537348 0.0832464 15 
0.0397866 0.0953644 15 
0.0338413 0.0928162 15 
0.0242763 0.101949 15 
0.0189168 0.103562 15 
0.00535318 0.107773 15 
-0.00408934 0.104018 15 
-0.0182319 0.113404 15 
-0.0316774 0.104851 15 
-0.0409029 0.107627 15 
-0.0547019 0.103581 15 
-0.0609199 0.099445 15 
-0.0760438 0.0922309 15 
-0.0830926 0.0881102 15 
-0.0942299 0.0885606 15 
-0.0986852 0.0831386 15 
-0.10677 0.0767633 15 
-0.113892 0.0742646 15 
-0.115385 0.0558322 15 
-0.125806 0.0524296 15 
-0.124911 0.0448883 15 
-0.128953 0.0393433 15 
-0.134463 0.0409057 15 
-0.140355 0.0344803 15 
-0.143388 0.0164657 15 
-0.149084 0.0130244 15 
-0.149834 -0.00338877 15 
-0.141211 -0.0238097 15 
-0.131139 -0.0455269 15 
-0.119559 -0.048781 15 
-0.121778 -0.0609875 15 
-0.128975 -0.0699599 15 
-0.134304 -0.07961 15 
-0.119732 -0.0965117 15 
-0.0998746 -0.113707 15 
-0.0871448 -0.117897 15 
-0.0895853 -0.119867 15 
-0.0825096 -0.127161 15 
-0.0768523 -0.121016 15 
-0.0711278 -0.124071 15 
-0.066255 -0.129534 15 
-0.0567278 -0.138976 15 
-0.0421858 -0.143926 15 
-0.0301705 -0.142155 15 
-0.0131784 -0.135948 15 
-0.000544188 -0.138294 15 
0.0287807 -0.136813 15 
0.0354771 -0.12345 15 
0.0446478 -0.108373 15 
0.049467 -0.0957673 15 
0.0547595 -0.0835468 15 
0.0605873 -0.0742423 15 
0.0668282 -0.0732149 15 
0.0746034 -0.0714127 15 
0.0793978 -0.0660833 15 
0.0888727 -0.0657167 15 
0.0864922 -0.0491317 15 
0.0946845 -0.0311292 15 
0.0939082 -0.0276482 15 
0.0928261 -0.0129891 15 
0.123129 -0.00265692 20 
0.121052 -0.0200187 20 
0.12536 -0.0340416 20 
0.113217 -0.0494022 20 
0.110486 -0.0664838 20 
0.105112 -0.0745906 20 
0.101887 -0.0926545 20 
0.0922593 -0.100477 20 
0.0832647 -0.121263 20 
0.0742677 -0.121847 20 
0.0648048 -0.12304 20 
0.0556733 -0.130068 20 
0.0452154 -0.134516 20 
0.034465 -0.1371 20 
0.0211807 -0.136886 20 
0.0123353 -0.13713 20 
0.0074092 -0.138916 20 
-0.0100208 -0.138908 20 
-0.0271169 -0.135058 20 
-0.0460159 -0.133464 20 
-0.0577346 -0.138936 20 
-0.066699 -0.131563 20 
-0.0895996 -0.129022 20 
-0.0977252 -0.123967 20 
-0.105516 -0.113354 20 
-0.115469 -0.117445 20 
-0.115565 -0.107483 20 
-0.112578 -0.105062 20 
-0.129829 -0.0907462 20 
-0.136365 -0.0772232 20 
-0.14042 -0.067011 20 
-0.152244 -0.0521867 20 
-0.164497 -0.0273184 20 
-0.175094 0.00503141 20 
-0.166875 0.00320668 20 
-0.166903 0.00986961 20 
-0.166981 0.0214189 20 
-0.162034 0.0323658 20 
-0.158349 0.0440582 20 
-0.150397 0.0571798 20 
-0.143792 0.0718199 20 
-0.145982 0.0704962 20 
-0.1364 0.075547 20 
-0.129788 0.0913488 20 
-0.121535 0.101614 20 
-0.11215 0.108814 20 
-0.103795 0.115613 20 
-0.0933881 0.124645 20 
-0.0723837 0.128918 20 
-0.0683396 0.137489 20 
-0.0529794 0.142045 20 
-0.0358702 0.144407 20 
-0.0202376 0.143921 20 
-0.0042328 0.141153 20 
0.0059975 0.139147 20 
0.0210819 0.130778 20 
0.025656 0.131791 20 
0.0426852 0.123054 20 
0.0549505 0.119178 20 
0.0616037 0.114361 20 
0.0711618 0.109094 20 
0.0809166 0.100307 20 
0.0852385 0.0929758 20 
0.0946697 0.083408 20 
0.0935682 0.0795202 20 
0.105117 0.0695329 20 
0.10701 0.0621025 20 
0.114705 0.0509766 20 
0.120974 0.0400297 20 
0.12413 0.0297243 20 
0.122677 0.021956 20 
0.14562 0.0264935 25 
0.140168 0.0361681 25 
0.135547 0.046153 25 
0.133278 0.0629923 25 
0.126964 0.074913 25 
0.117536 0.0851538 25 
0.113084 0.0889171 25 
0.112993 0.0988449 25 
0.0994788 0.104635 25 
0.0908491 0.117472 25 
0.0804106 0.126259 25 
0.0696748 0.133613 25 
0.0587762 0.140246 25 
0.0464034 0.146963 25 
0.0323709 0.156733 25 
0.0261931 0.153153 25 
0.0109636 0.166828 25 
-0.00844981 0.162932 25 
-0.0260148 0.163268 25 
-0.0473642 0.165156 25 
-0.0644138 0.1559 25 
-0.0681326 0.157593 25 
-0.0921988 0.152528 25 
-0.109457 0.146666 25 
-0.122456 0.13955 25 
-0.12799 0.131682 25 
-0.148368 0.120299 25 
-0.148463 0.108042 25 
-0.162854 0.0957698 25 
-0.170712 0.0823407 25 
-0.18128 0.0703048 25 
-0.177528 0.0553729 25 
-0.188497 0.042146 25 
-0.189131 0.0330447 25 
-0.192177 0.0168112 25 
-0.194782 0.00762284 25 
-0.189615 -0.00113795 25 
-0.195266 -0.00980407 25 
-0.198532 -0.0345261 25 
-0.193262 -0.0510075 25 
-0.188938 -0.0661075 25 
-0.173614 -0.0823814 25 
-0.15284 -0.106454 25 
-0.136348 -0.117116 25 
-0.127181 -0.126168 25 
-0.108497 -0.136431 25 
-0.104046 -0.14346 25 
-0.104572 -0.152392 25 
-0.102802 -0.161402 25 
-0.0929018 -0.161274 25 
-0.0695949 -0.171939 25 
-0.0429115 -0.170844 25 
-0.0294902 -0.178251 25 
-0.0140952 -0.176214 25 
0.00202788 -0.175431 25 
0.0224131 -0.176779 25 
0.0314585 -0.166046 25 
0.0382794 -0.16717 25 
0.0582473 -0.159621 25 
0.0711535 -0.151957 25 
0.0811385 -0.142371 25 
0.0986036 -0.135572 25 
0.105108 -0.123125 25 
0.116715 -0.118121 25 
0.127561 -0.101676 25 
0.137036 -0.0838365 25 
0.148925 -0.0673671 25 
0.149523 -0.0552887 25 
0.151005 -0.0240441 25 
0.14976 -0.00870324 25 
0.149528 0.0023533 25 
0.169218 -0.00216205 30 
0.167792 -0.0203528 30 
0.17056 -0.0270813 30 
0.164153 -0.0507627 30 
0.164601 -0.0683887 30 
0.159696 -0.0887271 30 
0.148789 -0.107389 30 
0.14686 -0.128746 30 
0.132435 -0.134687 30 
0.123628 -0.151599 30 
0.108589 -0.164165 30 
0.0923567 -0.174653 30 
0.0771106 -0.182472 30 
0.0601401 -0.189286 30 
0.0424945 -0.196881 30 
0.0279951 -0.197183 30 
0.0138387 -0.200762 30 
-0.00623741 -0.198436 30 
-0.0256841 -0.198465 30 
-0.0358376 -0.196031 30 
-0.0496197 -0.191966 30 
-0.0701304 -0.186054 30 
-0.0728518 -0.181068 30 
-0.104831 -0.173559 30 
-0.13423 -0.1634 30 
-0.15308 -0.156846 30 
-0.158374 -0.151311 30 
-0.173885 -0.138735 30 
-0.191623 -0.121565 30 
-0.20267 -0.102394 30 
-0.212048 -0.0790916 30 
-0.212483 -0.0598477 30 
-0.221301 -0.050061 30 
-0.213065 -0.0306915 30 
-0.21635 -0.0164328 30 
-0.217552 0.00157677 30 
-0.218375 0.0193115 30 
-0.215495 0.0365433 30 
-0.212862 0.0532225 30 
-0.209501 0.0693576 30 
-0.205396 0.0844581 30 
-0.199143 0.0973313 30 
-0.188544 0.110465 30 
-0.178086 0.124261 30 
-0.164495 0.140194 30 
-0.146751 0.144844 30 
-0.140028 0.160521 30 
-0.121091 0.165593 30 
-0.104513 0.173414 30 
-0.0816667 0.180847 30 
-0.0721829 0.179486 30 
-0.0433981 0.183413 30 
-0.0295789 0.183149 30 
-0.010448 0.182829 30 
0.00546316 0.181312 30 
0.0284732 0.178662 30 
0.0332186 0.176946 30 
0.0551264 0.167261 30 
0.0657978 0.165243 30 
0.0803011 0.157939 30 
0.0923172 0.148116 30 
0.104188 0.138575 30 
0.115595 0.12746 30 
0.124813 0.115218 30 
0.136154 0.112132 30 
0.137065 0.0986142 30 
0.146059 0.0898656 30 
0.153907 0.0754425 30 
0.158636 0.059697 30 
0.169219 0.0453534 30 
0.168399 0.0239662 30 
0.188199 0.0328676 35 
0.182538 0.0483586 35 
0.177097 0.065528 35 
0.170662 0.0832645 35 
0.16114 0.0976674 35 
0.153209 0.109964 35 
0.148269 0.116888 35 
0.133472 0.133518 35 
0.130778 0.144556 35 
0.114398 0.154945 35 
0.100688 0.16549 35 
0.0914455 0.173144 35 
0.0667323 0.184682 35 
0.0604498 0.189163 35 
0.0390318 0.197236 35 
0.0217035 0.20063 35 
0.00319857 0.202633 35 
-0.017303 0.208812 35 
-0.0316472 0.200302 35 
-0.0614005 0.205811 35 
-0.0778349 0.201614 35 
-0.0966691 0.196566 35 
-0.109388 0.186428 35 
-0.128956 0.185692 35 
-0.153568 0.168387 35 
-0.162733 0.161317 35 
-0.182498 0.150578 35 
-0.195353 0.137168 35 
-0.208839 0.120833 35 
-0.220561 0.105204 35 
-0.225673 0.0911276 35 
-0.231363 0.0740125 35 
-0.239341 0.0582874 35 
-0.242722 0.0394063 35 
-0.247403 0.0230804 35 
-0.249802 0.00391538 35 
-0.244987 -0.0145154 35 
-0.241043 -0.0418915 35 
-0.238432 -0.0561528 35 
-0.229607 -0.0818217 35 
-0.223483 -0.0984269 35 
-0.218081 -0.112403 35 
-0.205 -0.132038 35 
-0.192264 -0.14919 35 
-0.175395 -0.170418 35 
-0.159121 -0.175174 35 
-0.154836 -0.190075 35 
-0.130596 -0.20021 35 
-0.111635 -0.208931 35 
-0.0918719 -0.21574 35 
-0.0672551 -0.220166 35 
-0.0408019 -0.222414 35 
-0.0122311 -0.220431 35 
0.0113731 -0.223021 35 
0.022543 -0.222663 35 
0.0422889 -0.219694 35 
0.0615703 -0.215801 35 
0.0798569 -0.20925 35 
0.0960371 -0.200343 35 
0.110073 -0.190337 35 
0.122227 -0.180973 35 
0.142302 -0.162474 35 
0.154271 -0.146254 35 
0.15983 -0.127712 35 
0.170061 -0.111786 35 
0.178555 -0.0916738 35 
0.184042 -0.0740012 35 
0.186665 -0.0585457 35 
0.186939 -0.044572 35 
0.194041 -0.0239811 35 
0.190605 -0.00941244 35 
0.206164 -0.00418591 40 
0.204336 -0.0271857 40 
0.202411 -0.0475371 40 
0.199543 -0.0662684 40 
0.195629 -0.0844324 40 
0.189922 -0.10146 40 
0.17981 -0.114958 40 
0.17277 -0.135762 40 
0.163949 -0.149393 40 
0.153062 -0.168777 40 
0.138782 -0.183573 40 
0.125536 -0.200515 40 
0.108946 -0.205991 40 
0.0910269 -0.224213 40 
0.0737559 -0.229004 40 
0.0528621 -0.236459 40 
0.0283268 -0.243289 40 
-0.00229739 -0.247964 40 
-0.021145 -0.250118 40 
-0.0539112 -0.245082 40 
-0.0733632 -0.243689 40 
-0.0949007 -0.238701 40 
-0.114955 -0.227352 40 
-0.13771 -0.223577 40 
-0.150072 -0.210917 40 
-0.171638 -0.199373 40 
-0.190632 -0.184533 40 
-0.207823 -0.166038 40 
-0.219703 -0.145012 40 
-0.238035 -0.133128 40 
-0.240981 -0.110888 40 
-0.25415 -0.0915126 40 
-0.260771 -0.069643 40 
-0.265358 -0.0435085 40 
-0.270498 -0.0177641 40 
-0.27052 -0.0046976 40 
-0.264564 0.0220145 40 
-0.265457 0.0408825 40 
-0.261116 0.0599621 40 
-0.258461 0.0765712 40 
-0.241262 0.0939191 40 
-0.238221 0.11175 40 
-0.223715 0.131285 40 
-0.209408 0.144602 40 
-0.195678 0.160445 40 
-0.176178 0.171987 40 
-0.167542 0.18862 40 
-0.149092 0.199777 40 
-0.128957 0.208123 40 
-0.107528 0.214976 40 
-0.0873265 0.220055 40 
-0.0658522 0.222606 40 
-0.0448425 0.222949 40 
-0.024398 0.219185 40 
0.00689373 0.224805 40 
0.0226659 0.222931 40 
0.0425311 0.213456 40 
0.0580462 0.206566 40 
0.075249 0.198972 40 
0.0909214 0.189426 40 
0.106316 0.178803 40 
0.122542 0.163739 40 
0.128169 0.153225 40 
0.146242 0.137032 40 
0.156382 0.128847 40 
0.166115 0.117453 40 
0.173973 0.109473 40 
0.183189 0.0864517 40 
0.194254 0.0729731 40 
0.194427 0.0497604 40 
0.197303 0.0355274 40 
0.208483 0.0317217 45 
0.202883 0.0602222 45 
0.197512 0.0751341 45 
0.189881 0.0929387 45 
0.178752 0.106107 45 
0.174033 0.125304 45 
0.160982 0.128857 45 
0.150262 0.147179 45 
0.135901 0.159717 45 
0.120588 0.173688 45 
0.106939 0.185038 45 
0.0922502 0.195483 45 
0.0754864 0.201078 45 
0.0615648 0.218628 45 
0.035928 0.222334 45 
0.0201378 0.227686 45 
-0.0021445 0.231119 45 
-0.0289106 0.23559 45 
-0.0577145 0.240314 45 
-0.0865632 0.239588 45 
-0.100119 0.231539 45 
-0.117112 0.251461 45 
-0.140909 0.24437 45 
-0.152315 0.218738 45 
-0.170886 0.199225 45 
-0.190376 0.18635 45 
-0.20801 0.170701 45 
-0.225281 0.155355 45 
-0.244398 0.136654 45 
-0.250663 0.11516 45 
-0.264572 0.0993092 45 
-0.269215 0.081576 45 
-0.274588 0.0614752 45 
-0.278456 0.0404642 45 
-0.281374 0.0204296 45 
-0.283774 -0.00241495 45 
-0.285085 -0.0314715 45 
-0.275854 -0.0460864 45 
-0.277881 -0.0672707 45 
-0.267491 -0.0969537 45 
-0.258294 -0.119309 45 
-0.246577 -0.141435 45 
-0.233335 -0.159792 45 
-0.21963 -0.176831 45 
-0.204825 -0.187277 45 
-0.185751 -0.204953 45 
-0.159153 -0.224194 45 
-0.141315 -0.231228 45 
-0.117159 -0.242604 45 
-0.0951564 -0.249656 45 
-0.0737505 -0.254189 45 
-0.0498939 -0.256547 45 
-0.0216538 -0.25677 45 
-0.000973875 -0.259779 45 
0.0280589 -0.250494 45 
0.049293 -0.246699 45 
0.0709387 -0.242091 45 
0.0905365 -0.232579 45 
0.108944 -0.220334 45 
0.124776 -0.207596 45 
0.141169 -0.193418 45 
0.156082 -0.173605 45 
0.164591 -0.16109 45 
0.181818 -0.142913 45 
0.188055 -0.127248 45 
0.19541 -0.109951 45 
0.196548 -0.0963095 45 
0.206944 -0.0769222 45 
0.208114 -0.0502278 45 
0.209727 -0.0312785 45 
0.21017 -0.00790634 45 
0.21071 -0.00814318 50 
0.21267 -0.0279439 50 
0.205058 -0.0524129 50 
0.212854 -0.0752124 50 
0.203749 -0.0946848 50 
0.197964 -0.113957 50 
0.188649 -0.129297 50 
0.17757 -0.154846 50 
0.168162 -0.164028 50 
0.151499 -0.18471 50 
0.140656 -0.199353 50 
0.125759 -0.214748 50 
0.112866 -0.226301 50 
0.0865889 -0.242124 50 
0.0742122 -0.250872 50 
0.0484336 -0.257346 50 
0.0258708 -0.262122 50 
-1.60615e-05 -0.26394 50 
-0.0287519 -0.265205 50 
-0.0474433 -0.263445 50 
-0.0748578 -0.263427 50 
-0.0959685 -0.258803 50 
-0.117169 -0.252094 50 
-0.141004 -0.243113 50 
-0.164878 -0.229602 50 
-0.186773 -0.215607 50 
-0.211658 -0.201715 50 
-0.219081 -0.186831 50 
-0.241265 -0.165107 50 
-0.254265 -0.14629 50 
-0.266931 -0.126955 50 
-0.276432 -0.103374 50 
-0.284895 -0.0833325 50 
-0.292801 -0.0615601 50 
-0.296014 -0.0316925 50 
-0.296195 -0.0062097 50 
-0.296065 0.018632 50 
-0.296369 0.0433226 50 
-0.287935 0.0574067 50 
-0.282682 0.087348 50 
-0.270426 0.102973 50 
-0.260497 0.12233 50 
-0.249991 0.143157 50 
-0.228637 0.157473 50 
-0.21513 0.169944 50 
-0.192636 0.190844 50 
-0.168407 0.211322 50 
-0.153855 0.205709 50 
-0.147965 0.208003 50 
-0.120684 0.222419 50 
-0.0922681 0.227283 50 
-0.0681393 0.232635 50 
-0.0602461 0.234128 50 
-0.0397163 0.231303 50 
-0.0169412 0.239895 50 
0.0201713 0.227939 50 
0.0396638 0.22337 50 
0.0574824 0.215942 50 
0.0742157 0.206683 50 
0.0908009 0.196885 50 
0.105328 0.18621 50 
0.114566 0.176321 50 
0.137894 0.16036 50 
0.148518 0.145781 50 
0.16104 0.132398 50 
0.171333 0.119648 50 
0.180804 0.107599 50 
0.185258 0.0944398 50 
0.200191 0.0745913 50 
0.199412 0.0600901 50 
0.205697 0.0382893 50 
0.195367 0.0374262 55 
0.192745 0.0551633 55 
0.190582 0.0714856 55 
0.178273 0.0886514 55 
0.168348 0.0966032 55 
0.163886 0.113251 55 
0.152673 0.126525 55 
0.138439 0.139361 55 
0.12618 0.149925 55 
0.114417 0.173738 55 
0.0990705 0.179622 55 
0.0844765 0.191057 55 
0.0686951 0.2008 55 
0.0563753 0.20798 55 
0.0326556 0.211643 55 
0.008034 0.229843 55 
-0.0181196 0.22557 55 
-0.025297 0.227732 55 
-0.0518456 0.228423 55 
-0.0806961 0.229552 55 
-0.103638 0.227052 55 
-0.122405 0.220972 55 
-0.14221 0.214466 55 
-0.164507 0.199492 55 
-0.170059 0.196009 55 
-0.19594 0.194785 55 
-0.213537 0.168689 55 
-0.235945 0.153259 55 
-0.250732 0.13577 55 
-0.262199 0.113814 55 
-0.285794 0.0978613 55 
-0.291334 0.093953 55 
-0.290481 0.0589693 55 
-0.295202 0.0370469 55 
-0.297394 0.0107996 55 
-0.298985 -0.0142933 55 
-0.299807 -0.0382718 55 
-0.303023 -0.0614587 55 
-0.286833 -0.0906015 55 
-0.28678 -0.109619 55 
-0.267921 -0.133268 55 
-0.259183 -0.15194 55 
-0.243699 -0.17152 55 
-0.227145 -0.187751 55 
-0.20906 -0.203764 55 
-0.191431 -0.222293 55 
-0.167879 -0.239091 55 
-0.141417 -0.242915 55 
-0.120266 -0.256162 55 
-0.0971189 -0.263029 55 
-0.0757611 -0.266403 55 
-0.0490632 -0.263333 55 
-0.024277 -0.272565 55 
0.000731679 -0.267748 55 
0.0243989 -0.265339 55 
0.0482735 -0.261095 55 
0.0680608 -0.253485 55 
0.0898787 -0.241756 55 
0.0986342 -0.230044 55 
0.120006 -0.220449 55 
0.134106 -0.200495 55 
0.148764 -0.183109 55 
0.161172 -0.16564 55 
0.171102 -0.147398 55 
0.180142 -0.129704 55 
0.185686 -0.110934 55 
0.192452 -0.0889129 55 
0.192839 -0.0767398 55 
0.197485 -0.0525067 55 
0.197315 -0.0321858 55 
0.198351 -0.0045576 55 
